,rental_id,car_id,checkin_type,state,delay_at_checkout_in_minutes,previous_ended_rental_id,time_delta_with_previous_rental_in_minutes,delay_hours,delay_minutes,delay,delay_days
2,508131,359049,connect,ended,70.0,,,1.0,10.0,late,0.0
9,513434,256528,connect,ended,23.0,,,0.0,23.0,late,0.0
37,527377,306450,connect,ended,52.0,,,0.0,52.0,late,0.0
77,534943,358567,connect,ended,37.0,,,0.0,37.0,late,0.0
88,535726,375944,connect,ended,38.0,,,0.0,38.0,late,0.0
117,538194,380708,connect,ended,2.0,,,0.0,2.0,late,0.0
131,539369,390467,connect,ended,41.0,,,0.0,41.0,late,0.0
152,540649,352528,connect,ended,90.0,,,1.0,30.0,late,0.0
194,543321,371572,connect,ended,48.0,,,0.0,48.0,late,0.0
201,543679,225795,connect,ended,64.0,540663.0,540.0,1.0,4.0,late,0.0
211,544167,306607,connect,ended,337.0,,,5.0,37.0,late,0.0
212,544197,387939,connect,ended,39.0,,,0.0,39.0,late,0.0
219,544777,387810,connect,ended,50.0,,,0.0,50.0,late,0.0
223,545064,194343,connect,ended,74.0,,,1.0,14.0,late,0.0
254,546888,295783,connect,ended,84.0,,,1.0,24.0,late,0.0
255,546935,348526,connect,ended,85.0,,,1.0,25.0,late,0.0
258,546991,377219,connect,ended,423.0,,,7.0,3.0,late,0.0
267,547223,188944,connect,ended,8.0,,,0.0,8.0,late,0.0
293,549345,369881,connect,ended,22.0,,,0.0,22.0,late,0.0
301,549808,310219,connect,ended,54.0,,,0.0,54.0,late,0.0
313,550537,239798,connect,ended,37.0,,,0.0,37.0,late,0.0
324,551137,295783,connect,ended,16.0,,,0.0,16.0,late,0.0
329,551364,406062,connect,ended,34.0,,,0.0,34.0,late,0.0
339,552233,245154,connect,ended,4.0,,,0.0,4.0,late,0.0
342,552330,384657,connect,ended,23.0,554800.0,0.0,0.0,23.0,late,0.0
352,552850,315136,connect,ended,40.0,,,0.0,40.0,late,0.0
366,553795,402528,connect,ended,11.0,,,0.0,11.0,late,0.0
429,559078,340616,connect,ended,27.0,,,0.0,27.0,late,0.0
457,561383,411754,connect,ended,173.0,,,2.0,53.0,late,0.0
459,561450,192179,connect,ended,7.0,541144.0,540.0,0.0,7.0,late,0.0
471,562174,381499,connect,ended,73.0,,,1.0,13.0,late,0.0
489,563552,241021,connect,ended,25.0,567278.0,60.0,0.0,25.0,late,0.0
491,563933,347208,connect,ended,27.0,,,0.0,27.0,late,0.0
541,516585,389785,connect,ended,162.0,,,2.0,42.0,late,0.0
558,525175,280805,connect,ended,9.0,,,0.0,9.0,late,0.0
588,565543,364882,connect,ended,82.0,,,1.0,22.0,late,0.0
600,566385,211860,connect,ended,58.0,,,0.0,58.0,late,0.0
622,567636,376840,connect,ended,101.0,564959.0,0.0,1.0,41.0,late,0.0
678,522507,390927,connect,ended,183.0,523328.0,510.0,3.0,3.0,late,0.0
679,522667,214635,connect,ended,119.0,,,1.0,59.0,late,0.0
704,530261,280805,connect,ended,28.0,,,0.0,28.0,late,0.0
716,532787,226544,connect,ended,203.0,,,3.0,23.0,late,0.0
727,572844,342154,connect,ended,26.0,,,0.0,26.0,late,0.0
731,573315,398586,connect,ended,26.0,,,0.0,26.0,late,0.0
737,505377,290726,connect,ended,62.0,,,1.0,2.0,late,0.0
782,519135,383344,connect,ended,69.0,,,1.0,9.0,late,0.0
783,519321,353459,connect,ended,3.0,,,0.0,3.0,late,0.0
791,521865,401475,connect,ended,113.0,514932.0,540.0,1.0,53.0,late,0.0
817,531394,320834,connect,ended,7.0,,,0.0,7.0,late,0.0
818,531518,391618,connect,ended,3.0,,,0.0,3.0,late,0.0
852,536208,366199,connect,ended,21.0,,,0.0,21.0,late,0.0
859,536934,376901,connect,ended,35.0,,,0.0,35.0,late,0.0
861,537265,390976,connect,ended,54.0,,,0.0,54.0,late,0.0
872,537872,315136,connect,ended,23.0,,,0.0,23.0,late,0.0
876,507519,306450,connect,ended,28.0,,,0.0,28.0,late,0.0
887,518975,350502,connect,ended,51.0,,,0.0,51.0,late,0.0
896,523400,347873,connect,ended,108.0,,,1.0,48.0,late,0.0
903,525959,177313,connect,ended,28.0,,,0.0,28.0,late,0.0
922,531745,294327,connect,ended,6.0,,,0.0,6.0,late,0.0
953,535339,298429,connect,ended,87.0,,,1.0,27.0,late,0.0
962,536404,340579,connect,ended,8.0,,,0.0,8.0,late,0.0
971,537400,337219,connect,ended,1.0,,,0.0,1.0,late,0.0
973,537657,402528,connect,ended,89.0,,,1.0,29.0,late,0.0
976,538010,312078,connect,ended,10.0,,,0.0,10.0,late,0.0
980,538136,175289,connect,ended,6.0,547208.0,570.0,0.0,6.0,late,0.0
1007,529163,260096,connect,ended,245.0,,,4.0,5.0,late,0.0
1017,531719,278935,connect,ended,35.0,,,0.0,35.0,late,0.0
1067,537841,265664,connect,ended,186.0,536761.0,240.0,3.0,6.0,late,0.0
1082,538858,352393,connect,ended,22.0,,,0.0,22.0,late,0.0
1100,538585,337266,connect,ended,54.0,,,0.0,54.0,late,0.0
1105,538823,381687,connect,ended,485.0,,,8.0,5.0,late,0.0
1107,538938,389785,connect,ended,454.0,,,7.0,34.0,late,0.0
1126,540222,360474,connect,ended,71.0,539404.0,180.0,1.0,11.0,late,0.0
1132,540924,374809,connect,ended,2.0,547311.0,240.0,0.0,2.0,late,0.0
1134,541065,341037,connect,ended,4.0,,,0.0,4.0,late,0.0
1140,541486,300505,connect,ended,12.0,,,0.0,12.0,late,0.0
1161,542519,356106,connect,ended,27.0,545322.0,270.0,0.0,27.0,late,0.0
1171,543369,351393,connect,ended,69.0,,,1.0,9.0,late,0.0
1199,545055,387753,connect,ended,11.0,,,0.0,11.0,late,0.0
1202,545226,367919,connect,ended,280.0,,,4.0,40.0,late,0.0
1208,538800,192463,connect,ended,50.0,,,0.0,50.0,late,0.0
1221,539760,216148,connect,ended,194.0,537416.0,0.0,3.0,14.0,late,0.0
1227,540022,320824,connect,ended,106.0,,,1.0,46.0,late,0.0
1245,541454,351393,connect,ended,254.0,,,4.0,14.0,late,0.0
1269,543010,374169,connect,ended,42.0,536789.0,120.0,0.0,42.0,late,0.0
1281,543591,220877,connect,ended,6.0,,,0.0,6.0,late,0.0
1284,543757,385011,connect,ended,49.0,,,0.0,49.0,late,0.0
1300,544792,214635,connect,ended,40.0,545831.0,90.0,0.0,40.0,late,0.0
1319,539614,376901,connect,ended,12.0,,,0.0,12.0,late,0.0
1327,539987,383110,connect,ended,76.0,528385.0,480.0,1.0,16.0,late,0.0
1344,540855,335276,connect,ended,29.0,,,0.0,29.0,late,0.0
1354,541702,192179,connect,ended,13.0,,,0.0,13.0,late,0.0
1379,543072,220982,connect,ended,122.0,,,2.0,2.0,late,0.0
1414,545177,390509,connect,ended,72.0,542725.0,720.0,1.0,12.0,late,0.0
1418,545709,375421,connect,ended,13.0,,,0.0,13.0,late,0.0
1420,545831,214635,connect,ended,11.0,,,0.0,11.0,late,0.0
1431,546588,273281,connect,ended,4.0,,,0.0,4.0,late,0.0
1470,526018,371539,connect,ended,27.0,,,0.0,27.0,late,0.0
1487,533021,390509,connect,ended,128.0,,,2.0,8.0,late,0.0
1500,534575,296765,connect,ended,1.0,,,0.0,1.0,late,0.0
1511,534999,340014,connect,ended,346.0,,,5.0,46.0,late,0.0
1519,536254,305816,connect,ended,137.0,,,2.0,17.0,late,0.0
1552,539315,364907,connect,ended,28.0,,,0.0,28.0,late,0.0
1581,536086,348294,connect,ended,88.0,,,1.0,28.0,late,0.0
1617,538610,385721,connect,ended,31.0,,,0.0,31.0,late,0.0
1635,546744,355023,connect,ended,115.0,,,1.0,55.0,late,0.0
1646,545589,337266,connect,ended,4.0,,,0.0,4.0,late,0.0
1648,545811,386259,connect,ended,155.0,,,2.0,35.0,late,0.0
1657,546378,316936,connect,ended,227.0,,,3.0,47.0,late,0.0
1666,547041,366981,connect,ended,180.0,,,3.0,0.0,late,0.0
1668,547296,375621,connect,ended,90.0,,,1.0,30.0,late,0.0
1670,547347,385756,connect,ended,273.0,,,4.0,33.0,late,0.0
1691,509018,285829,connect,ended,57.0,,,0.0,57.0,late,0.0
1716,521852,359045,connect,ended,650.0,,,10.0,50.0,late,0.0
1748,530211,392600,connect,ended,191.0,,,3.0,11.0,late,0.0
1763,547952,369938,connect,ended,144.0,,,2.0,24.0,late,0.0
1766,548416,313386,connect,ended,63.0,,,1.0,3.0,late,0.0
1799,550504,405611,connect,ended,59.0,562977.0,630.0,0.0,59.0,late,0.0
1800,550505,340369,connect,ended,8.0,,,0.0,8.0,late,0.0
1808,550832,358082,connect,ended,34.0,549771.0,90.0,0.0,34.0,late,0.0
1819,540056,373893,connect,ended,37.0,,,0.0,37.0,late,0.0
1831,540663,225795,connect,ended,60.0,,,1.0,0.0,late,0.0
1835,540784,310576,connect,ended,54.0,536453.0,0.0,0.0,54.0,late,0.0
1838,541239,355444,connect,ended,33.0,,,0.0,33.0,late,0.0
1841,541365,350502,connect,ended,52.0,,,0.0,52.0,late,0.0
1848,541706,355444,connect,ended,188.0,,,3.0,8.0,late,0.0
1861,542251,360460,connect,ended,5.0,,,0.0,5.0,late,0.0
1872,545424,369542,connect,ended,17.0,,,0.0,17.0,late,0.0
1874,545532,387939,connect,ended,7.0,546352.0,300.0,0.0,7.0,late,0.0
1896,547351,289496,connect,ended,24.0,,,0.0,24.0,late,0.0
1900,547593,317024,connect,ended,6.0,,,0.0,6.0,late,0.0
1903,547791,396791,connect,ended,107.0,,,1.0,47.0,late,0.0
1904,548092,214635,connect,ended,29.0,,,0.0,29.0,late,0.0
1931,549496,393781,connect,ended,9.0,,,0.0,9.0,late,0.0
1938,550171,398152,connect,ended,104.0,,,1.0,44.0,late,0.0
1950,550614,392368,connect,ended,27.0,,,0.0,27.0,late,0.0
1982,549151,399172,connect,ended,105.0,,,1.0,45.0,late,0.0
1987,549574,367776,connect,ended,18.0,,,0.0,18.0,late,0.0
1988,549650,262187,connect,ended,289.0,,,4.0,49.0,late,0.0
2007,551138,301799,connect,ended,550.0,,,9.0,10.0,late,0.0
2035,552905,342699,connect,ended,53.0,,,0.0,53.0,late,0.0
2040,553267,384193,connect,ended,76.0,,,1.0,16.0,late,0.0
2043,553412,335276,connect,ended,11.0,,,0.0,11.0,late,0.0
2050,554043,334190,connect,ended,15.0,,,0.0,15.0,late,0.0
2059,554257,332582,connect,ended,20.0,,,0.0,20.0,late,0.0
2123,554832,404963,connect,ended,51.0,,,0.0,51.0,late,0.0
2125,554934,402562,connect,ended,12.0,,,0.0,12.0,late,0.0
2146,556471,311923,connect,ended,5.0,,,0.0,5.0,late,0.0
2157,557297,342645,connect,ended,41.0,,,0.0,41.0,late,0.0
2159,557318,334190,connect,ended,158.0,556215.0,660.0,2.0,38.0,late,0.0
2170,558272,360474,connect,ended,7.0,,,0.0,7.0,late,0.0
2171,558435,401870,connect,ended,5.0,,,0.0,5.0,late,0.0
2172,558448,383110,connect,ended,64.0,554348.0,150.0,1.0,4.0,late,0.0
2177,558891,356106,connect,ended,82.0,,,1.0,22.0,late,0.0
2200,542948,391370,connect,ended,27.0,,,0.0,27.0,late,0.0
2203,543342,342710,connect,ended,104.0,,,1.0,44.0,late,0.0
2226,520085,384040,connect,ended,31.0,,,0.0,31.0,late,0.0
2231,521076,380708,connect,ended,103.0,539450.0,210.0,1.0,43.0,late,0.0
2245,527270,389785,connect,ended,3.0,,,0.0,3.0,late,0.0
2249,528678,274942,connect,ended,247.0,,,4.0,7.0,late,0.0
2263,530663,403275,connect,ended,43.0,,,0.0,43.0,late,0.0
2312,538099,391379,connect,ended,65.0,,,1.0,5.0,late,0.0
2321,538768,392241,connect,ended,271.0,,,4.0,31.0,late,0.0
2322,538809,323630,connect,ended,22.0,,,0.0,22.0,late,0.0
2358,541792,380952,connect,ended,110.0,,,1.0,50.0,late,0.0
2370,542616,396483,connect,ended,4.0,,,0.0,4.0,late,0.0
2375,542852,375047,connect,ended,66.0,,,1.0,6.0,late,0.0
2388,543323,367365,connect,ended,2.0,,,0.0,2.0,late,0.0
2403,543835,286751,connect,ended,27.0,,,0.0,27.0,late,0.0
2437,545980,396009,connect,ended,1.0,549819.0,60.0,0.0,1.0,late,0.0
2473,532959,166540,connect,ended,412.0,,,6.0,52.0,late,0.0
2509,536107,385721,connect,ended,62.0,525106.0,570.0,1.0,2.0,late,0.0
2516,537111,393968,connect,ended,15.0,,,0.0,15.0,late,0.0
2528,556563,320824,connect,ended,23.0,,,0.0,23.0,late,0.0
2537,557355,392241,connect,ended,14.0,,,0.0,14.0,late,0.0
2544,557809,300505,connect,ended,23.0,,,0.0,23.0,late,0.0
2555,558536,175289,connect,ended,9.0,,,0.0,9.0,late,0.0
2589,561643,348294,connect,ended,16.0,,,0.0,16.0,late,0.0
2593,561995,406554,connect,ended,18.0,,,0.0,18.0,late,0.0
2604,562686,385003,connect,ended,111.0,,,1.0,51.0,late,0.0
2619,563668,370055,connect,ended,24.0,,,0.0,24.0,late,0.0
2632,537825,392368,connect,ended,5.0,,,0.0,5.0,late,0.0
2639,538213,228359,connect,ended,23.0,,,0.0,23.0,late,0.0
2648,538762,369447,connect,ended,122.0,,,2.0,2.0,late,0.0
2665,539475,286751,connect,ended,26.0,,,0.0,26.0,late,0.0
2681,540372,385721,connect,ended,48.0,516961.0,0.0,0.0,48.0,late,0.0
2696,541150,342699,connect,ended,211.0,,,3.0,31.0,late,0.0
2699,541362,376901,connect,ended,9.0,,,0.0,9.0,late,0.0
2701,541493,285241,connect,ended,226.0,562771.0,540.0,3.0,46.0,late,0.0
2702,541498,351660,connect,ended,3.0,,,0.0,3.0,late,0.0
2705,541532,323889,connect,ended,26.0,,,0.0,26.0,late,0.0
2729,552173,359880,connect,ended,48.0,,,0.0,48.0,late,0.0
2730,552177,298117,connect,ended,147.0,,,2.0,27.0,late,0.0
2734,552583,401475,connect,ended,11.0,,,0.0,11.0,late,0.0
2748,560227,402528,connect,ended,12.0,,,0.0,12.0,late,0.0
2835,561928,402083,connect,ended,154.0,,,2.0,34.0,late,0.0
2860,565956,366872,connect,ended,27.0,,,0.0,27.0,late,0.0
2865,566538,390509,connect,ended,39.0,,,0.0,39.0,late,0.0
2883,567718,393044,connect,ended,99.0,,,1.0,39.0,late,0.0
2897,509048,307793,connect,ended,77.0,,,1.0,17.0,late,0.0
2936,528967,348999,connect,ended,8.0,,,0.0,8.0,late,0.0
2986,564560,407419,connect,ended,18.0,,,0.0,18.0,late,0.0
2987,564607,212965,connect,ended,51.0,,,0.0,51.0,late,0.0
2998,565761,385008,connect,ended,1.0,,,0.0,1.0,late,0.0
3010,512679,176220,connect,ended,8.0,,,0.0,8.0,late,0.0
3046,528608,364276,connect,ended,17.0,,,0.0,17.0,late,0.0
3086,517515,385629,connect,ended,33.0,,,0.0,33.0,late,0.0
3147,535914,265239,connect,ended,44.0,538830.0,120.0,0.0,44.0,late,0.0
3148,535944,366981,connect,ended,36.0,,,0.0,36.0,late,0.0
3155,536538,298516,connect,ended,26.0,,,0.0,26.0,late,0.0
3174,537676,334190,connect,ended,39.0,,,0.0,39.0,late,0.0
3190,553503,284799,connect,ended,40.0,,,0.0,40.0,late,0.0
3194,553842,348526,connect,ended,27.0,,,0.0,27.0,late,0.0
3203,554280,401475,connect,ended,39.0,553682.0,450.0,0.0,39.0,late,0.0
3260,544088,404130,connect,ended,26.0,,,0.0,26.0,late,0.0
3288,555494,380480,connect,ended,193.0,,,3.0,13.0,late,0.0
3305,556401,339138,connect,ended,62.0,565263.0,0.0,1.0,2.0,late,0.0
3319,557098,403710,connect,ended,214.0,,,3.0,34.0,late,0.0
3326,557966,407465,connect,ended,47.0,,,0.0,47.0,late,0.0
3331,558239,190291,connect,ended,64.0,,,1.0,4.0,late,0.0
3350,559365,162571,connect,ended,3.0,,,0.0,3.0,late,0.0
3362,559845,355900,connect,ended,176.0,,,2.0,56.0,late,0.0
3373,560479,384567,connect,ended,32.0,559510.0,90.0,0.0,32.0,late,0.0
3379,561136,228703,connect,ended,102.0,,,1.0,42.0,late,0.0
3390,561938,378754,connect,ended,25.0,,,0.0,25.0,late,0.0
3400,569313,367919,connect,ended,384.0,545720.0,0.0,6.0,24.0,late,0.0
3402,569563,284459,connect,ended,20.0,,,0.0,20.0,late,0.0
3412,571578,378754,connect,ended,88.0,,,1.0,28.0,late,0.0
3421,572859,404128,connect,ended,725.0,571634.0,180.0,12.0,5.0,late,0.0
3425,574288,385721,connect,ended,212.0,,,3.0,32.0,late,0.0
3429,506161,369881,connect,ended,6.0,549345.0,30.0,0.0,6.0,late,0.0
3458,523885,331337,connect,ended,113.0,,,1.0,53.0,late,0.0
3469,526937,375047,connect,ended,102.0,,,1.0,42.0,late,0.0
3506,562717,402083,connect,ended,493.0,561928.0,360.0,8.0,13.0,late,0.0
3529,548718,399575,connect,ended,73.0,558387.0,630.0,1.0,13.0,late,0.0
3546,549483,391519,connect,ended,58.0,,,0.0,58.0,late,0.0
3549,549691,402985,connect,ended,75.0,,,1.0,15.0,late,0.0
3551,549740,278935,connect,ended,8.0,,,0.0,8.0,late,0.0
3569,550739,189248,connect,ended,53.0,,,0.0,53.0,late,0.0
3609,565612,273281,connect,ended,60.0,,,1.0,0.0,late,0.0
3618,566178,374512,connect,ended,9.0,,,0.0,9.0,late,0.0
3634,567186,394928,connect,ended,2.0,,,0.0,2.0,late,0.0
3656,568967,364907,connect,ended,37.0,555169.0,60.0,0.0,37.0,late,0.0
3663,569683,310444,connect,ended,77.0,565569.0,450.0,1.0,17.0,late,0.0
3668,570192,406554,connect,ended,3.0,,,0.0,3.0,late,0.0
3672,571310,298117,connect,ended,56.0,,,0.0,56.0,late,0.0
3687,515220,278640,connect,ended,112.0,,,1.0,52.0,late,0.0
3705,525356,364276,connect,ended,190.0,,,3.0,10.0,late,0.0
3707,526678,358772,connect,ended,13.0,,,0.0,13.0,late,0.0
3729,536045,364922,connect,ended,125.0,,,2.0,5.0,late,0.0
3814,536185,394555,connect,ended,87.0,538270.0,690.0,1.0,27.0,late,0.0
3823,536867,334190,connect,ended,26.0,,,0.0,26.0,late,0.0
3880,536583,376311,connect,ended,72.0,,,1.0,12.0,late,0.0
3913,538630,298117,connect,ended,2.0,,,0.0,2.0,late,0.0
3919,539674,344254,connect,ended,125.0,541533.0,60.0,2.0,5.0,late,0.0
3931,540311,241021,connect,ended,48.0,,,0.0,48.0,late,0.0
3939,540817,383344,connect,ended,105.0,,,1.0,45.0,late,0.0
3941,540856,331337,connect,ended,51.0,,,0.0,51.0,late,0.0
4004,541631,343808,connect,ended,195.0,,,3.0,15.0,late,0.0
4006,541826,404130,connect,ended,97.0,543513.0,30.0,1.0,37.0,late,0.0
4039,544337,311923,connect,ended,21.0,563869.0,510.0,0.0,21.0,late,0.0
4060,566060,394656,connect,ended,5.0,564793.0,240.0,0.0,5.0,late,0.0
4067,566529,403962,connect,ended,142.0,,,2.0,22.0,late,0.0
4070,567103,193151,connect,ended,4.0,,,0.0,4.0,late,0.0
4076,567427,373305,connect,ended,46.0,,,0.0,46.0,late,0.0
4082,567751,356551,connect,ended,30.0,,,0.0,30.0,late,0.0
4094,552336,296021,connect,ended,56.0,,,0.0,56.0,late,0.0
4114,554110,404128,connect,ended,147.0,,,2.0,27.0,late,0.0
4139,555876,382821,connect,ended,36.0,,,0.0,36.0,late,0.0
4142,555944,176702,connect,ended,15.0,,,0.0,15.0,late,0.0
4145,556176,369200,connect,ended,101.0,,,1.0,41.0,late,0.0
4156,557068,353425,connect,ended,30.0,,,0.0,30.0,late,0.0
4172,538284,352393,connect,ended,4.0,,,0.0,4.0,late,0.0
4176,539418,309209,connect,ended,110.0,,,1.0,50.0,late,0.0
4201,540921,173598,connect,ended,52.0,,,0.0,52.0,late,0.0
4234,542830,328900,connect,ended,265.0,508109.0,0.0,4.0,25.0,late,0.0
4238,543127,356551,connect,ended,55.0,,,0.0,55.0,late,0.0
4244,543559,392241,connect,ended,42.0,538768.0,120.0,0.0,42.0,late,0.0
4249,544325,376605,connect,ended,54.0,,,0.0,54.0,late,0.0
4256,544491,328135,connect,ended,4.0,,,0.0,4.0,late,0.0
4260,544598,175887,connect,ended,101.0,,,1.0,41.0,late,0.0
4270,545193,381857,connect,ended,17.0,,,0.0,17.0,late,0.0
4273,544981,353425,connect,ended,62.0,,,1.0,2.0,late,0.0
4278,545147,301389,connect,ended,9.0,,,0.0,9.0,late,0.0
4284,545398,298429,connect,ended,3.0,,,0.0,3.0,late,0.0
4290,545618,305525,connect,ended,43.0,543394.0,570.0,0.0,43.0,late,0.0
4312,547311,374809,connect,ended,7.0,539330.0,90.0,0.0,7.0,late,0.0
4321,548076,351546,connect,ended,50.0,,,0.0,50.0,late,0.0
4359,550556,385006,connect,ended,5.0,,,0.0,5.0,late,0.0
4370,551424,383344,connect,ended,41.0,,,0.0,41.0,late,0.0
4378,552298,256584,connect,ended,42.0,,,0.0,42.0,late,0.0
4414,542613,241021,connect,ended,87.0,,,1.0,27.0,late,0.0
4416,542665,189248,connect,ended,30.0,,,0.0,30.0,late,0.0
4450,545261,366371,connect,ended,406.0,,,6.0,46.0,late,0.0
4455,545673,310576,connect,ended,92.0,,,1.0,32.0,late,0.0
4462,546152,348482,connect,ended,37.0,,,0.0,37.0,late,0.0
4485,548159,334648,connect,ended,326.0,,,5.0,26.0,late,0.0
4496,558049,175887,connect,ended,32.0,,,0.0,32.0,late,0.0
4516,559019,294327,connect,ended,4.0,,,0.0,4.0,late,0.0
4535,559976,344254,connect,ended,51.0,558129.0,60.0,0.0,51.0,late,0.0
4549,545459,301301,connect,ended,5.0,,,0.0,5.0,late,0.0
4581,547872,338243,connect,ended,83.0,549555.0,600.0,1.0,23.0,late,0.0
4582,547905,280886,connect,ended,201.0,,,3.0,21.0,late,0.0
4587,548448,310636,connect,ended,29.0,,,0.0,29.0,late,0.0
4601,545431,393723,connect,ended,66.0,,,1.0,6.0,late,0.0
4606,545833,390590,connect,ended,46.0,,,0.0,46.0,late,0.0
4621,546636,399528,connect,ended,4.0,545268.0,540.0,0.0,4.0,late,0.0
4636,547672,383110,connect,ended,7.0,,,0.0,7.0,late,0.0
4676,550479,265239,connect,ended,51.0,520615.0,0.0,0.0,51.0,late,0.0
4684,551131,407465,connect,ended,76.0,,,1.0,16.0,late,0.0
4701,552365,404130,connect,ended,12.0,553206.0,480.0,0.0,12.0,late,0.0
4740,524059,369648,connect,ended,99.0,,,1.0,39.0,late,0.0
4741,525624,285829,connect,ended,32.0,,,0.0,32.0,late,0.0
4744,527141,173061,connect,ended,101.0,,,1.0,41.0,late,0.0
4782,553016,325328,connect,ended,43.0,,,0.0,43.0,late,0.0
4790,553571,391926,connect,ended,21.0,,,0.0,21.0,late,0.0
4797,553836,340616,connect,ended,54.0,553933.0,30.0,0.0,54.0,late,0.0
4800,554017,391519,connect,ended,67.0,,,1.0,7.0,late,0.0
4803,554383,159533,connect,ended,41.0,512682.0,330.0,0.0,41.0,late,0.0
4852,550994,303309,connect,ended,31.0,549854.0,720.0,0.0,31.0,late,0.0
4861,551593,335276,connect,ended,194.0,,,3.0,14.0,late,0.0
4876,552392,349171,connect,ended,46.0,,,0.0,46.0,late,0.0
4879,552598,376840,connect,ended,10.0,549549.0,540.0,0.0,10.0,late,0.0
4908,554986,385919,connect,ended,49.0,,,0.0,49.0,late,0.0
4937,548836,164960,connect,ended,41.0,,,0.0,41.0,late,0.0
4977,551817,383110,connect,ended,191.0,,,3.0,11.0,late,0.0
4982,551988,228703,connect,ended,63.0,,,1.0,3.0,late,0.0
5013,534983,341119,connect,ended,157.0,,,2.0,37.0,late,0.0
5034,536892,366164,connect,ended,17.0,,,0.0,17.0,late,0.0
5046,553236,389785,connect,ended,222.0,,,3.0,42.0,late,0.0
5054,553602,390927,connect,ended,69.0,,,1.0,9.0,late,0.0
5059,553720,402988,connect,ended,51.0,,,0.0,51.0,late,0.0
5062,553868,310553,connect,ended,1.0,,,0.0,1.0,late,0.0
5075,554559,383720,connect,ended,19.0,,,0.0,19.0,late,0.0
5085,555136,375889,connect,ended,125.0,,,2.0,5.0,late,0.0
5086,555143,320834,connect,ended,25.0,564613.0,120.0,0.0,25.0,late,0.0
5096,555752,301301,connect,ended,119.0,,,1.0,59.0,late,0.0
5107,556500,362187,connect,ended,15.0,555592.0,60.0,0.0,15.0,late,0.0
5155,556319,383462,connect,ended,55.0,558174.0,660.0,0.0,55.0,late,0.0
5179,558258,357530,connect,ended,2.0,557097.0,690.0,0.0,2.0,late,0.0
5199,559739,308181,connect,ended,8.0,564990.0,120.0,0.0,8.0,late,0.0
5229,561722,384657,connect,ended,224.0,,,3.0,44.0,late,0.0
5248,563313,378754,connect,ended,57.0,,,0.0,57.0,late,0.0
5290,558085,366287,connect,ended,68.0,,,1.0,8.0,late,0.0
5301,558733,320824,connect,ended,36.0,554117.0,150.0,0.0,36.0,late,0.0
5313,559491,243208,connect,ended,1459.0,,,24.0,19.0,late,1.0
5337,561838,346652,connect,ended,12.0,,,0.0,12.0,late,0.0
5350,562840,403563,connect,ended,102.0,,,1.0,42.0,late,0.0
5361,561170,387602,connect,ended,266.0,,,4.0,26.0,late,0.0
5409,554518,387810,connect,ended,9.0,,,0.0,9.0,late,0.0
5419,554841,291856,connect,ended,14.0,,,0.0,14.0,late,0.0
5431,555913,282880,connect,ended,103.0,,,1.0,43.0,late,0.0
5445,557038,383443,connect,ended,234.0,,,3.0,54.0,late,0.0
5448,557115,216576,connect,ended,98.0,,,1.0,38.0,late,0.0
5457,557861,402779,connect,ended,6.0,,,0.0,6.0,late,0.0
5464,558291,341119,connect,ended,50.0,,,0.0,50.0,late,0.0
5482,564507,286751,connect,ended,69.0,,,1.0,9.0,late,0.0
5499,565702,319866,connect,ended,9.0,,,0.0,9.0,late,0.0
5517,566774,377591,connect,ended,281.0,544588.0,0.0,4.0,41.0,late,0.0
5547,525837,244848,connect,ended,172.0,543686.0,120.0,2.0,52.0,late,0.0
5552,529134,384193,connect,ended,22.0,,,0.0,22.0,late,0.0
5553,529169,378072,connect,ended,1.0,,,0.0,1.0,late,0.0
5564,532915,390702,connect,ended,76.0,,,1.0,16.0,late,0.0
5578,535307,385006,connect,ended,14.0,,,0.0,14.0,late,0.0
5579,535364,284459,connect,ended,7.0,,,0.0,7.0,late,0.0
5584,566845,305816,connect,ended,1.0,,,0.0,1.0,late,0.0
5586,558633,336650,connect,ended,19.0,557424.0,0.0,0.0,19.0,late,0.0
5619,561146,366164,connect,ended,82.0,,,1.0,22.0,late,0.0
5629,561760,402985,connect,ended,5.0,,,0.0,5.0,late,0.0
5631,561935,347464,connect,ended,116.0,566651.0,300.0,1.0,56.0,late,0.0
5641,562461,305816,connect,ended,68.0,,,1.0,8.0,late,0.0
5650,563248,385625,connect,ended,6.0,556513.0,0.0,0.0,6.0,late,0.0
5657,563620,383344,connect,ended,74.0,,,1.0,14.0,late,0.0
5661,564300,391882,connect,ended,8.0,,,0.0,8.0,late,0.0
5662,564346,289112,connect,ended,24.0,,,0.0,24.0,late,0.0
5664,564417,399172,connect,ended,90.0,,,1.0,30.0,late,0.0
5691,566245,369881,connect,ended,4.0,,,0.0,4.0,late,0.0
5701,561947,390927,connect,ended,40.0,537960.0,660.0,0.0,40.0,late,0.0
5702,561965,303309,connect,ended,149.0,,,2.0,29.0,late,0.0
5724,563421,243208,connect,ended,23.0,,,0.0,23.0,late,0.0
5728,563765,385627,connect,ended,5.0,,,0.0,5.0,late,0.0
5732,564127,389565,connect,ended,81.0,565814.0,510.0,1.0,21.0,late,0.0
5735,564416,384193,connect,ended,84.0,,,1.0,24.0,late,0.0
5737,564597,359045,connect,ended,80.0,,,1.0,20.0,late,0.0
5757,568539,375126,connect,ended,139.0,566798.0,630.0,2.0,19.0,late,0.0
5759,569145,300505,connect,ended,46.0,560610.0,90.0,0.0,46.0,late,0.0
5772,570139,398586,connect,ended,94.0,,,1.0,34.0,late,0.0
5776,571384,410939,connect,ended,16.0,,,0.0,16.0,late,0.0
5785,572853,366164,connect,ended,39.0,569272.0,360.0,0.0,39.0,late,0.0
5793,574710,318728,connect,ended,16.0,,,0.0,16.0,late,0.0
5814,560182,288908,connect,ended,2.0,,,0.0,2.0,late,0.0
5830,561162,295783,connect,ended,74.0,,,1.0,14.0,late,0.0
5853,562907,166540,connect,ended,3.0,,,0.0,3.0,late,0.0
5855,562947,398586,connect,ended,148.0,,,2.0,28.0,late,0.0
5862,509127,347873,connect,ended,77.0,,,1.0,17.0,late,0.0
5908,530687,377670,connect,ended,721.0,,,12.0,1.0,late,0.0
5928,567684,317572,connect,ended,141.0,,,2.0,21.0,late,0.0
5932,567911,406551,connect,ended,127.0,,,2.0,7.0,late,0.0
5936,568119,342699,connect,ended,14.0,563443.0,30.0,0.0,14.0,late,0.0
5960,518580,345080,connect,ended,88.0,,,1.0,28.0,late,0.0
5972,523928,402822,connect,ended,79.0,,,1.0,19.0,late,0.0
5975,525787,372809,connect,ended,10.0,561211.0,600.0,0.0,10.0,late,0.0
5982,529189,312545,connect,ended,30.0,,,0.0,30.0,late,0.0
5985,529626,324821,connect,ended,66.0,537033.0,720.0,1.0,6.0,late,0.0
6004,533164,367302,connect,ended,18.0,,,0.0,18.0,late,0.0
6016,569694,385391,connect,ended,37.0,,,0.0,37.0,late,0.0
6028,509463,339189,connect,ended,75.0,527519.0,360.0,1.0,15.0,late,0.0
6029,509575,319886,connect,ended,45.0,,,0.0,45.0,late,0.0
6052,523955,339138,connect,ended,5.0,,,0.0,5.0,late,0.0
6065,527974,367632,connect,ended,8.0,,,0.0,8.0,late,0.0
6089,534073,241021,connect,ended,283.0,,,4.0,43.0,late,0.0
6113,536038,390702,connect,ended,37.0,554652.0,660.0,0.0,37.0,late,0.0
6126,537133,340868,connect,ended,24.0,532994.0,60.0,0.0,24.0,late,0.0
6140,567530,298757,connect,ended,55.0,,,0.0,55.0,late,0.0
6158,569299,310636,connect,ended,33.0,,,0.0,33.0,late,0.0
6167,570542,369881,connect,ended,243.0,,,4.0,3.0,late,0.0
6168,570958,396009,connect,ended,4.0,,,0.0,4.0,late,0.0
6175,572541,295783,connect,ended,46.0,,,0.0,46.0,late,0.0
6190,576292,181625,connect,ended,9.0,573698.0,90.0,0.0,9.0,late,0.0
6199,511112,381708,connect,ended,29.0,,,0.0,29.0,late,0.0
6222,526948,214635,connect,ended,29.0,522667.0,180.0,0.0,29.0,late,0.0
6228,528643,304392,connect,ended,13.0,,,0.0,13.0,late,0.0
6255,538395,369648,connect,ended,112.0,,,1.0,52.0,late,0.0
6269,539229,354267,connect,ended,244.0,,,4.0,4.0,late,0.0
6292,540741,289720,connect,ended,4.0,,,0.0,4.0,late,0.0
6296,540804,385178,connect,ended,34.0,,,0.0,34.0,late,0.0
6332,543422,376311,connect,ended,9.0,,,0.0,9.0,late,0.0
6335,543613,383674,connect,ended,104.0,,,1.0,44.0,late,0.0
6343,543943,375882,connect,ended,10.0,,,0.0,10.0,late,0.0
6345,544032,374081,connect,ended,147.0,,,2.0,27.0,late,0.0
6356,544902,387939,connect,ended,32.0,545532.0,510.0,0.0,32.0,late,0.0
6382,546511,402562,connect,ended,14.0,,,0.0,14.0,late,0.0
6391,546894,359049,connect,ended,2.0,,,0.0,2.0,late,0.0
6413,548313,255576,connect,ended,111.0,,,1.0,51.0,late,0.0
6430,549520,299063,connect,ended,6.0,,,0.0,6.0,late,0.0
6432,549647,369542,connect,ended,53.0,563235.0,480.0,0.0,53.0,late,0.0
6452,550882,381499,connect,ended,41.0,,,0.0,41.0,late,0.0
6454,551100,193151,connect,ended,19.0,,,0.0,19.0,late,0.0
6478,552821,351549,connect,ended,65.0,,,1.0,5.0,late,0.0
6479,552826,300505,connect,ended,13.0,,,0.0,13.0,late,0.0
6485,553418,340594,connect,ended,50.0,,,0.0,50.0,late,0.0
6505,555050,364055,connect,ended,14.0,,,0.0,14.0,late,0.0
6506,555291,369447,connect,ended,35.0,,,0.0,35.0,late,0.0
6538,557726,356551,connect,ended,719.0,,,11.0,59.0,late,0.0
6585,567537,357530,connect,ended,435.0,,,7.0,15.0,late,0.0
6595,568298,342699,connect,ended,7.0,,,0.0,7.0,late,0.0
6597,568573,342699,connect,ended,11.0,568298.0,60.0,0.0,11.0,late,0.0
6599,568709,318728,connect,ended,151.0,,,2.0,31.0,late,0.0
6624,571892,339138,connect,ended,20.0,571215.0,90.0,0.0,20.0,late,0.0
6626,572373,203773,connect,ended,459.0,,,7.0,39.0,late,0.0
6629,572624,406027,connect,ended,76.0,,,1.0,16.0,late,0.0
6651,564296,393172,connect,ended,4.0,,,0.0,4.0,late,0.0
6656,564520,319225,connect,ended,23.0,,,0.0,23.0,late,0.0
6657,564574,375421,connect,ended,34.0,515659.0,330.0,0.0,34.0,late,0.0
6670,565404,291856,connect,ended,14.0,,,0.0,14.0,late,0.0
6680,532208,317652,connect,ended,104.0,,,1.0,44.0,late,0.0
6683,532705,399528,connect,ended,14.0,,,0.0,14.0,late,0.0
6691,563302,212178,connect,ended,54.0,,,0.0,54.0,late,0.0
6703,564144,351546,connect,ended,210.0,,,3.0,30.0,late,0.0
6727,565967,351549,connect,ended,12.0,,,0.0,12.0,late,0.0
6730,566098,289496,connect,ended,17.0,,,0.0,17.0,late,0.0
6735,566349,384657,connect,ended,199.0,561722.0,690.0,3.0,19.0,late,0.0
6781,569686,377219,connect,ended,31.0,,,0.0,31.0,late,0.0
6795,571747,302561,connect,ended,215.0,,,3.0,35.0,late,0.0
6805,572809,164960,connect,ended,79.0,,,1.0,19.0,late,0.0
6810,574151,241021,connect,ended,3.0,572285.0,720.0,0.0,3.0,late,0.0
6812,574560,385628,connect,ended,3.0,,,0.0,3.0,late,0.0
6833,536541,380700,connect,ended,34.0,,,0.0,34.0,late,0.0
6846,537496,342154,connect,ended,47.0,,,0.0,47.0,late,0.0
6847,537544,340579,connect,ended,69.0,,,1.0,9.0,late,0.0
6850,537713,194384,connect,ended,5.0,,,0.0,5.0,late,0.0
6867,538593,377591,connect,ended,9.0,,,0.0,9.0,late,0.0
6871,538719,338216,connect,ended,124.0,,,2.0,4.0,late,0.0
6922,536110,289720,connect,ended,10.0,,,0.0,10.0,late,0.0
6981,540302,347873,connect,ended,194.0,,,3.0,14.0,late,0.0
7013,566651,347464,connect,ended,32.0,,,0.0,32.0,late,0.0
7023,567058,359045,connect,ended,88.0,,,1.0,28.0,late,0.0
7034,540127,296967,connect,ended,7.0,519682.0,720.0,0.0,7.0,late,0.0
7049,541049,385523,connect,ended,82.0,,,1.0,22.0,late,0.0
7055,541453,319866,connect,ended,41.0,,,0.0,41.0,late,0.0
7062,541745,398586,connect,ended,298.0,,,4.0,58.0,late,0.0
7065,542172,374298,connect,ended,149.0,,,2.0,29.0,late,0.0
7087,543942,365926,connect,ended,37.0,,,0.0,37.0,late,0.0
7099,567994,409993,connect,ended,23.0,,,0.0,23.0,late,0.0
7118,570815,286391,connect,ended,25.0,,,0.0,25.0,late,0.0
7125,572075,385303,connect,ended,27.0,,,0.0,27.0,late,0.0
7129,572975,381857,connect,ended,405.0,,,6.0,45.0,late,0.0
7131,573098,373685,connect,ended,4.0,,,0.0,4.0,late,0.0
7142,534156,245154,connect,ended,90.0,,,1.0,30.0,late,0.0
7187,538178,392368,connect,ended,1064.0,557772.0,720.0,17.0,44.0,late,0.0
7194,538538,337414,connect,ended,28.0,,,0.0,28.0,late,0.0
7203,539355,393968,connect,ended,66.0,,,1.0,6.0,late,0.0
7224,540897,358895,connect,ended,10.0,,,0.0,10.0,late,0.0
7230,536202,346755,connect,ended,34.0,,,0.0,34.0,late,0.0
7248,538056,336349,connect,ended,47.0,,,0.0,47.0,late,0.0
7269,539444,349894,connect,ended,30.0,,,0.0,30.0,late,0.0
7298,541333,280227,connect,ended,75.0,,,1.0,15.0,late,0.0
7323,542962,337219,connect,ended,18.0,537400.0,240.0,0.0,18.0,late,0.0
7328,543343,248300,connect,ended,140.0,564185.0,450.0,2.0,20.0,late,0.0
7334,543777,373685,connect,ended,63.0,,,1.0,3.0,late,0.0
7350,560977,364055,connect,ended,23.0,,,0.0,23.0,late,0.0
7356,561395,395204,connect,ended,117.0,,,1.0,57.0,late,0.0
7366,562287,387939,connect,ended,15.0,,,0.0,15.0,late,0.0
7405,564869,365926,connect,ended,41.0,565321.0,180.0,0.0,41.0,late,0.0
7410,565221,299017,connect,ended,40.0,,,0.0,40.0,late,0.0
7415,565519,370597,connect,ended,162.0,,,2.0,42.0,late,0.0
7432,566711,344254,connect,ended,37.0,,,0.0,37.0,late,0.0
7433,566731,193097,connect,ended,252.0,,,4.0,12.0,late,0.0
7437,567036,355900,connect,ended,86.0,,,1.0,26.0,late,0.0
7446,542109,316744,connect,ended,9.0,,,0.0,9.0,late,0.0
7463,543525,386259,connect,ended,11.0,541605.0,0.0,0.0,11.0,late,0.0
7479,544711,243208,connect,ended,12.0,,,0.0,12.0,late,0.0
7480,544740,377670,connect,ended,83.0,,,1.0,23.0,late,0.0
7483,544791,402562,connect,ended,85.0,554505.0,60.0,1.0,25.0,late,0.0
7504,546130,352015,connect,ended,7.0,,,0.0,7.0,late,0.0
7553,567623,391519,connect,ended,96.0,562244.0,720.0,1.0,36.0,late,0.0
7565,568652,395204,connect,ended,142.0,563518.0,720.0,2.0,22.0,late,0.0
7595,572697,412337,connect,ended,52.0,,,0.0,52.0,late,0.0
7611,521715,326551,connect,ended,1.0,,,0.0,1.0,late,0.0
7630,527879,399172,connect,ended,4.0,,,0.0,4.0,late,0.0
7644,533589,371572,connect,ended,8.0,,,0.0,8.0,late,0.0
7660,535407,371572,connect,ended,86.0,,,1.0,26.0,late,0.0
7688,515854,313386,connect,ended,36.0,,,0.0,36.0,late,0.0
7693,517068,369938,connect,ended,42.0,,,0.0,42.0,late,0.0
7706,522001,390871,connect,ended,100.0,,,1.0,40.0,late,0.0
7707,522488,342362,connect,ended,95.0,,,1.0,35.0,late,0.0
7737,534199,351597,connect,ended,22.0,,,0.0,22.0,late,0.0
7756,516243,326618,connect,ended,8.0,,,0.0,8.0,late,0.0
7800,535472,275364,connect,ended,158.0,,,2.0,38.0,late,0.0
7807,536216,289234,connect,ended,18.0,,,0.0,18.0,late,0.0
7808,536363,203963,connect,ended,10.0,,,0.0,10.0,late,0.0
7834,538006,349678,connect,ended,4.0,,,0.0,4.0,late,0.0
7837,538359,343808,connect,ended,38.0,537176.0,60.0,0.0,38.0,late,0.0
7846,538764,336349,connect,ended,37.0,,,0.0,37.0,late,0.0
7856,539450,380708,connect,ended,194.0,,,3.0,14.0,late,0.0
7857,539484,227119,connect,ended,145.0,,,2.0,25.0,late,0.0
7858,539582,377119,connect,ended,98.0,,,1.0,38.0,late,0.0
7874,540234,177313,connect,ended,56.0,,,0.0,56.0,late,0.0
7921,544463,348526,connect,ended,221.0,,,3.0,41.0,late,0.0
7985,544389,385629,connect,ended,23.0,517515.0,0.0,0.0,23.0,late,0.0
8002,541605,386259,connect,ended,1.0,535939.0,660.0,0.0,1.0,late,0.0
8026,542857,333553,connect,ended,12.0,,,0.0,12.0,late,0.0
8062,545475,310444,connect,ended,54.0,,,0.0,54.0,late,0.0
8087,547328,353425,connect,ended,9.0,,,0.0,9.0,late,0.0
8128,527111,352528,connect,ended,100.0,,,1.0,40.0,late,0.0
8149,532564,291856,connect,ended,227.0,,,3.0,47.0,late,0.0
8164,535637,392368,connect,ended,21.0,,,0.0,21.0,late,0.0
8183,536743,383625,connect,ended,116.0,,,1.0,56.0,late,0.0
8220,544636,332582,connect,ended,30.0,,,0.0,30.0,late,0.0
8230,545025,296967,connect,ended,415.0,,,6.0,55.0,late,0.0
8233,545108,275364,connect,ended,3.0,,,0.0,3.0,late,0.0
8241,546165,384396,connect,ended,330.0,,,5.0,30.0,late,0.0
8247,546466,362507,connect,ended,358.0,,,5.0,58.0,late,0.0
8257,547204,321752,connect,ended,7.0,,,0.0,7.0,late,0.0
8276,548588,275364,connect,ended,40.0,,,0.0,40.0,late,0.0
8286,549254,385178,connect,ended,141.0,,,2.0,21.0,late,0.0
8294,550033,285452,connect,ended,31.0,545931.0,0.0,0.0,31.0,late,0.0
8316,551121,352393,connect,ended,39.0,548333.0,480.0,0.0,39.0,late,0.0
8324,545492,364907,connect,ended,97.0,,,1.0,37.0,late,0.0
8326,545838,385721,connect,ended,202.0,,,3.0,22.0,late,0.0
8328,546026,401649,connect,ended,2.0,,,0.0,2.0,late,0.0
8343,547317,405624,connect,ended,20.0,,,0.0,20.0,late,0.0
8368,548698,381708,connect,ended,13.0,,,0.0,13.0,late,0.0
8387,549110,378072,connect,ended,29.0,,,0.0,29.0,late,0.0
8412,550528,409993,connect,ended,71.0,,,1.0,11.0,late,0.0
8419,551526,317770,connect,ended,75.0,,,1.0,15.0,late,0.0
8448,519722,390073,connect,ended,20.0,,,0.0,20.0,late,0.0
8455,523675,333553,connect,ended,7.0,,,0.0,7.0,late,0.0
8499,548318,362339,connect,ended,44.0,,,0.0,44.0,late,0.0
8560,543058,387810,connect,ended,265.0,,,4.0,25.0,late,0.0
8566,543297,341119,connect,ended,66.0,,,1.0,6.0,late,0.0
8611,537461,402528,connect,ended,230.0,,,3.0,50.0,late,0.0
8623,538167,401870,connect,ended,8.0,,,0.0,8.0,late,0.0
8656,551734,176220,connect,ended,37.0,,,0.0,37.0,late,0.0
8678,552904,349894,connect,ended,50.0,,,0.0,50.0,late,0.0
8682,507521,321752,connect,ended,54.0,547204.0,420.0,0.0,54.0,late,0.0
8693,514279,304775,connect,ended,50.0,,,0.0,50.0,late,0.0
8703,522694,369527,connect,ended,16.0,,,0.0,16.0,late,0.0
8713,527004,399172,connect,ended,29.0,,,0.0,29.0,late,0.0
8723,529665,378072,connect,ended,38.0,,,0.0,38.0,late,0.0
8781,521708,367632,connect,ended,67.0,,,1.0,7.0,late,0.0
8787,525108,366983,connect,ended,113.0,,,1.0,53.0,late,0.0
8830,535033,275062,connect,ended,85.0,,,1.0,25.0,late,0.0
8870,539130,392847,connect,ended,40.0,,,0.0,40.0,late,0.0
8878,539626,376153,connect,ended,1461.0,,,24.0,21.0,late,1.0
8886,534169,334190,connect,ended,25.0,,,0.0,25.0,late,0.0
8894,535239,164960,connect,ended,81.0,538412.0,360.0,1.0,21.0,late,0.0
8911,536669,399172,connect,ended,30.0,,,0.0,30.0,late,0.0
8918,537107,345080,connect,ended,30.0,,,0.0,30.0,late,0.0
8941,538608,350099,connect,ended,28.0,,,0.0,28.0,late,0.0
8944,538941,385178,connect,ended,241.0,540804.0,120.0,4.0,1.0,late,0.0
8968,549765,245154,connect,ended,11.0,,,0.0,11.0,late,0.0
8992,553735,359049,connect,ended,33.0,550645.0,390.0,0.0,33.0,late,0.0
9028,552140,301301,connect,ended,228.0,,,3.0,48.0,late,0.0
9052,554125,336850,connect,ended,251.0,,,4.0,11.0,late,0.0
9096,539428,402562,connect,ended,11.0,,,0.0,11.0,late,0.0
9105,545507,176670,connect,ended,63.0,,,1.0,3.0,late,0.0
9114,546055,274942,connect,ended,184.0,,,3.0,4.0,late,0.0
9122,546664,376760,connect,ended,25.0,,,0.0,25.0,late,0.0
9123,546816,390871,connect,ended,1128.0,,,18.0,48.0,late,0.0
9124,546837,374298,connect,ended,10.0,,,0.0,10.0,late,0.0
9127,547208,175289,connect,ended,5.0,,,0.0,5.0,late,0.0
9144,548498,316846,connect,ended,245.0,,,4.0,5.0,late,0.0
9145,548616,317770,connect,ended,8.0,,,0.0,8.0,late,0.0
9153,548991,385006,connect,ended,1431.0,,,23.0,51.0,late,0.0
9201,539245,375128,connect,ended,49.0,,,0.0,49.0,late,0.0
9234,541293,272590,connect,ended,4.0,,,0.0,4.0,late,0.0
9246,541841,216148,connect,ended,40.0,,,0.0,40.0,late,0.0
9298,545948,383344,connect,ended,83.0,519135.0,90.0,1.0,23.0,late,0.0
9312,550458,312351,connect,ended,21.0,,,0.0,21.0,late,0.0
9314,550621,360551,connect,ended,108.0,,,1.0,48.0,late,0.0
9322,551368,359045,connect,ended,31.0,551957.0,30.0,0.0,31.0,late,0.0
9348,539330,374809,connect,ended,20.0,,,0.0,20.0,late,0.0
9365,540408,373893,connect,ended,14.0,537659.0,450.0,0.0,14.0,late,0.0
9378,541473,295105,connect,ended,111.0,,,1.0,51.0,late,0.0
9434,530821,285452,connect,ended,1.0,,,0.0,1.0,late,0.0
9438,533413,353425,connect,ended,4.0,,,0.0,4.0,late,0.0
9460,535619,223783,connect,ended,122.0,,,2.0,2.0,late,0.0
9462,535700,311707,connect,ended,19.0,,,0.0,19.0,late,0.0
9471,536004,337437,connect,ended,253.0,,,4.0,13.0,late,0.0
9481,536712,301389,connect,ended,99.0,,,1.0,39.0,late,0.0
9488,537239,366872,connect,ended,53.0,,,0.0,53.0,late,0.0
9491,537405,390467,connect,ended,95.0,,,1.0,35.0,late,0.0
9507,538876,345865,connect,ended,68.0,,,1.0,8.0,late,0.0
9548,556469,401869,connect,ended,231.0,,,3.0,51.0,late,0.0
9553,556619,214635,connect,ended,2.0,540747.0,240.0,0.0,2.0,late,0.0
9559,556887,351597,connect,ended,36.0,,,0.0,36.0,late,0.0
9560,556906,403246,connect,ended,176.0,,,2.0,56.0,late,0.0
9565,557298,404041,connect,ended,11.0,,,0.0,11.0,late,0.0
9589,556215,334190,connect,ended,77.0,,,1.0,17.0,late,0.0
9596,556459,383625,connect,ended,8.0,,,0.0,8.0,late,0.0
9599,556586,387810,connect,ended,34.0,,,0.0,34.0,late,0.0
9602,556705,351660,connect,ended,69.0,558817.0,720.0,1.0,9.0,late,0.0
9638,550934,376491,connect,ended,32.0,,,0.0,32.0,late,0.0
9655,551793,383674,connect,ended,54.0,,,0.0,54.0,late,0.0
9667,535480,302561,connect,ended,30.0,,,0.0,30.0,late,0.0
9689,537295,315420,connect,ended,160.0,,,2.0,40.0,late,0.0
9736,540609,407419,connect,ended,32.0,,,0.0,32.0,late,0.0
9800,539557,376760,connect,ended,21.0,,,0.0,21.0,late,0.0
9809,540078,351660,connect,ended,20.0,541498.0,240.0,0.0,20.0,late,0.0
9830,541787,404129,connect,ended,255.0,,,4.0,15.0,late,0.0
9889,548833,367608,connect,ended,75.0,,,1.0,15.0,late,0.0
9902,549534,385627,connect,ended,33.0,,,0.0,33.0,late,0.0
9912,550493,357530,connect,ended,123.0,,,2.0,3.0,late,0.0
9970,541623,222928,connect,ended,17.0,,,0.0,17.0,late,0.0
9973,541691,355444,connect,ended,5.0,,,0.0,5.0,late,0.0
9974,541739,304392,connect,ended,14.0,,,0.0,14.0,late,0.0
9978,541920,282880,connect,ended,11.0,,,0.0,11.0,late,0.0
9988,542507,225486,connect,ended,61.0,,,1.0,1.0,late,0.0
10002,543138,391379,connect,ended,318.0,538099.0,60.0,5.0,18.0,late,0.0
10043,554448,300505,connect,ended,38.0,555637.0,30.0,0.0,38.0,late,0.0
10046,554646,390467,connect,ended,8.0,,,0.0,8.0,late,0.0
10047,554677,345080,connect,ended,27.0,,,0.0,27.0,late,0.0
10077,543480,192575,connect,ended,120.0,532216.0,180.0,2.0,0.0,late,0.0
10101,554151,373893,connect,ended,68.0,,,1.0,8.0,late,0.0
10127,556611,329239,connect,ended,27.0,,,0.0,27.0,late,0.0
10134,557062,374298,connect,ended,58.0,556079.0,240.0,0.0,58.0,late,0.0
10147,558099,404133,connect,ended,11.0,,,0.0,11.0,late,0.0
10154,544102,378072,connect,ended,252.0,,,4.0,12.0,late,0.0
10163,544607,402562,connect,ended,58.0,548088.0,0.0,0.0,58.0,late,0.0
10216,530619,376605,connect,ended,121.0,,,2.0,1.0,late,0.0
10220,531707,256528,connect,ended,75.0,,,1.0,15.0,late,0.0
10262,537043,323630,connect,ended,4.0,,,0.0,4.0,late,0.0
10299,535858,366287,connect,ended,68.0,,,1.0,8.0,late,0.0
10300,535887,351393,connect,ended,90.0,541454.0,720.0,1.0,30.0,late,0.0
10329,537924,355444,connect,ended,8.0,,,0.0,8.0,late,0.0
10340,538773,241021,connect,ended,55.0,540159.0,0.0,0.0,55.0,late,0.0
10350,539506,390656,connect,ended,11.0,513950.0,0.0,0.0,11.0,late,0.0
10392,542246,384688,connect,ended,16.0,,,0.0,16.0,late,0.0
10398,542755,334190,connect,ended,60.0,534169.0,0.0,1.0,0.0,late,0.0
10413,558738,378485,connect,ended,30.0,,,0.0,30.0,late,0.0
10422,559301,352650,connect,ended,3.0,,,0.0,3.0,late,0.0
10455,561782,383804,connect,ended,130.0,,,2.0,10.0,late,0.0
10457,561824,394656,connect,ended,143.0,,,2.0,23.0,late,0.0
10467,558730,402528,connect,ended,6.0,,,0.0,6.0,late,0.0
10474,559784,399172,connect,ended,26.0,,,0.0,26.0,late,0.0
10498,561617,173061,connect,ended,27.0,,,0.0,27.0,late,0.0
10512,562589,353425,connect,ended,51.0,,,0.0,51.0,late,0.0
10514,562708,391370,connect,ended,41.0,,,0.0,41.0,late,0.0
10535,555762,181625,connect,ended,39.0,564963.0,540.0,0.0,39.0,late,0.0
10556,557838,383804,connect,ended,117.0,545760.0,60.0,1.0,57.0,late,0.0
10577,558925,311707,connect,ended,39.0,,,0.0,39.0,late,0.0
10585,559251,405624,connect,ended,3.0,,,0.0,3.0,late,0.0
10603,560031,297105,connect,ended,434.0,558934.0,720.0,7.0,14.0,late,0.0
10633,543910,314456,connect,ended,56.0,542971.0,0.0,0.0,56.0,late,0.0
10634,549759,334190,connect,ended,142.0,,,2.0,22.0,late,0.0
10641,550185,386259,connect,ended,15.0,547975.0,180.0,0.0,15.0,late,0.0
10642,550219,375883,connect,ended,11.0,,,0.0,11.0,late,0.0
10665,551402,385721,connect,ended,94.0,,,1.0,34.0,late,0.0
10668,551995,345080,connect,ended,57.0,,,0.0,57.0,late,0.0
10688,553686,352528,connect,ended,35.0,,,0.0,35.0,late,0.0
10710,544500,383344,connect,ended,412.0,,,6.0,52.0,late,0.0
10723,545030,368753,connect,ended,93.0,,,1.0,33.0,late,0.0
10731,545356,390927,connect,ended,81.0,,,1.0,21.0,late,0.0
10745,544454,378754,connect,ended,10.0,,,0.0,10.0,late,0.0
10771,545982,362187,connect,ended,109.0,,,1.0,49.0,late,0.0
10793,547666,310219,connect,ended,103.0,,,1.0,43.0,late,0.0
10799,557288,365926,connect,ended,6.0,,,0.0,6.0,late,0.0
10802,557596,331337,connect,ended,188.0,,,3.0,8.0,late,0.0
10808,558218,406625,connect,ended,28.0,,,0.0,28.0,late,0.0
10810,558387,399575,connect,ended,81.0,552753.0,0.0,1.0,21.0,late,0.0
10842,560169,367919,connect,ended,15.0,554745.0,0.0,0.0,15.0,late,0.0
10855,540035,358772,connect,ended,51.0,537504.0,540.0,0.0,51.0,late,0.0
10866,543796,340616,connect,ended,17.0,,,0.0,17.0,late,0.0
10870,544043,312603,connect,ended,119.0,,,1.0,59.0,late,0.0
10875,544384,380708,connect,ended,49.0,,,0.0,49.0,late,0.0
10884,545005,362339,connect,ended,13.0,538954.0,570.0,0.0,13.0,late,0.0
10889,545224,307364,connect,ended,303.0,,,5.0,3.0,late,0.0
10895,545355,385629,connect,ended,109.0,,,1.0,49.0,late,0.0
10917,546942,364882,connect,ended,9.0,,,0.0,9.0,late,0.0
10925,547663,341861,connect,ended,1.0,,,0.0,1.0,late,0.0
10958,563033,365926,connect,ended,85.0,,,1.0,25.0,late,0.0
10968,563432,408715,connect,ended,9.0,,,0.0,9.0,late,0.0
10983,564502,315420,connect,ended,107.0,,,1.0,47.0,late,0.0
10990,565162,342699,connect,ended,52.0,564294.0,270.0,0.0,52.0,late,0.0
11003,566075,375621,connect,ended,118.0,,,1.0,58.0,late,0.0
11025,567529,391882,connect,ended,46.0,,,0.0,46.0,late,0.0
11047,564529,230201,connect,ended,24.0,,,0.0,24.0,late,0.0
11057,565356,349894,connect,ended,31.0,,,0.0,31.0,late,0.0
11065,562460,356106,connect,ended,18.0,,,0.0,18.0,late,0.0
11074,562951,389785,connect,ended,7.0,,,0.0,7.0,late,0.0
11080,563372,289112,connect,ended,58.0,,,0.0,58.0,late,0.0
11082,563658,405179,connect,ended,20.0,,,0.0,20.0,late,0.0
11087,563805,352039,connect,ended,94.0,,,1.0,34.0,late,0.0
11102,564711,342710,connect,ended,41.0,,,0.0,41.0,late,0.0
11139,567667,305816,connect,ended,1.0,,,0.0,1.0,late,0.0
11155,513305,175289,connect,ended,69.0,,,1.0,9.0,late,0.0
11168,522130,401649,connect,ended,7.0,,,0.0,7.0,late,0.0
11244,550343,396435,connect,ended,44.0,,,0.0,44.0,late,0.0
11258,551284,336935,connect,ended,32.0,,,0.0,32.0,late,0.0
11270,555111,403250,connect,ended,20.0,,,0.0,20.0,late,0.0
11275,555451,390702,connect,ended,175.0,560568.0,120.0,2.0,55.0,late,0.0
11288,546740,319225,connect,ended,16.0,,,0.0,16.0,late,0.0
11314,548397,397217,connect,ended,1.0,,,0.0,1.0,late,0.0
11320,549021,190291,connect,ended,70.0,,,1.0,10.0,late,0.0
11350,550469,342710,connect,ended,55.0,,,0.0,55.0,late,0.0
11371,551764,364882,connect,ended,6.0,,,0.0,6.0,late,0.0
11372,551774,371354,connect,ended,25.0,,,0.0,25.0,late,0.0
11380,558501,371214,connect,ended,99.0,,,1.0,39.0,late,0.0
11387,558707,380240,connect,ended,52.0,,,0.0,52.0,late,0.0
11403,560743,280805,connect,ended,8.0,,,0.0,8.0,late,0.0
11405,560796,407419,connect,ended,26.0,545608.0,0.0,0.0,26.0,late,0.0
11419,548559,352039,connect,ended,19.0,,,0.0,19.0,late,0.0
11452,550553,407432,connect,ended,27.0,,,0.0,27.0,late,0.0
11459,550791,254689,connect,ended,59.0,,,0.0,59.0,late,0.0
11478,561405,248889,connect,ended,7.0,,,0.0,7.0,late,0.0
11516,560375,335276,connect,ended,140.0,,,2.0,20.0,late,0.0
11519,560504,375621,connect,ended,152.0,,,2.0,32.0,late,0.0
11532,561590,270867,connect,ended,22.0,554496.0,510.0,0.0,22.0,late,0.0
11545,562567,357530,connect,ended,56.0,,,0.0,56.0,late,0.0
11569,553066,300505,connect,ended,77.0,552707.0,90.0,1.0,17.0,late,0.0
11632,540439,336935,connect,ended,106.0,,,1.0,46.0,late,0.0
11670,554527,406027,connect,ended,19.0,,,0.0,19.0,late,0.0
11679,555091,364907,connect,ended,35.0,,,0.0,35.0,late,0.0
11696,556059,352921,connect,ended,8.0,,,0.0,8.0,late,0.0
11701,556448,285452,connect,ended,14.0,556131.0,30.0,0.0,14.0,late,0.0
11728,527812,314456,connect,ended,45.0,,,0.0,45.0,late,0.0
11734,528826,405005,connect,ended,6.0,,,0.0,6.0,late,0.0
11738,529729,319886,connect,ended,11.0,,,0.0,11.0,late,0.0
11776,569383,407636,connect,ended,55.0,560335.0,60.0,0.0,55.0,late,0.0
11874,568685,371354,connect,ended,3.0,,,0.0,3.0,late,0.0
11878,569062,364882,connect,ended,42.0,566930.0,0.0,0.0,42.0,late,0.0
11879,569096,305819,connect,ended,256.0,,,4.0,16.0,late,0.0
11883,569802,346755,connect,ended,92.0,,,1.0,32.0,late,0.0
11907,574378,332582,connect,ended,149.0,,,2.0,29.0,late,0.0
11908,574510,371572,connect,ended,944.0,,,15.0,44.0,late,0.0
11926,571135,403962,connect,ended,56.0,563253.0,480.0,0.0,56.0,late,0.0
11962,557575,296338,connect,ended,267.0,,,4.0,27.0,late,0.0
11980,558598,328135,connect,ended,37.0,,,0.0,37.0,late,0.0
11982,558627,305525,connect,ended,8.0,559997.0,0.0,0.0,8.0,late,0.0
11989,559139,383110,connect,ended,219.0,558448.0,570.0,3.0,39.0,late,0.0
11997,559632,308181,connect,ended,33.0,,,0.0,33.0,late,0.0
12021,561325,362433,connect,ended,11.0,,,0.0,11.0,late,0.0
12033,561925,347208,connect,ended,82.0,,,1.0,22.0,late,0.0
12044,562874,349171,connect,ended,13.0,561815.0,600.0,0.0,13.0,late,0.0
12076,543497,341119,connect,ended,2.0,543297.0,30.0,0.0,2.0,late,0.0
12083,543911,349678,connect,ended,132.0,532779.0,0.0,2.0,12.0,late,0.0
12099,544603,401871,connect,ended,246.0,558206.0,0.0,4.0,6.0,late,0.0
12101,544918,376491,connect,ended,38.0,,,0.0,38.0,late,0.0
12136,549389,376311,connect,ended,64.0,,,1.0,4.0,late,0.0
12144,549927,407055,connect,ended,15.0,,,0.0,15.0,late,0.0
12156,572740,391891,connect,ended,304.0,,,5.0,4.0,late,0.0
12165,574481,324821,connect,ended,4.0,,,0.0,4.0,late,0.0
12183,532216,192575,connect,ended,1.0,,,0.0,1.0,late,0.0
12203,534678,383344,connect,ended,164.0,563620.0,240.0,2.0,44.0,late,0.0
12205,534853,243208,connect,ended,91.0,,,1.0,31.0,late,0.0
12220,519298,352528,connect,ended,295.0,540649.0,480.0,4.0,55.0,late,0.0
12221,519376,252863,connect,ended,16.0,,,0.0,16.0,late,0.0
12233,522691,278640,connect,ended,61.0,,,1.0,1.0,late,0.0
12246,528031,362241,connect,ended,95.0,,,1.0,35.0,late,0.0
12261,531897,175289,connect,ended,1.0,,,0.0,1.0,late,0.0
12266,532488,352921,connect,ended,19.0,,,0.0,19.0,late,0.0
12276,533896,310444,connect,ended,265.0,,,4.0,25.0,late,0.0
12282,563762,203060,connect,ended,5.0,,,0.0,5.0,late,0.0
12288,564339,310781,connect,ended,6.0,,,0.0,6.0,late,0.0
12310,565493,216576,connect,ended,57.0,,,0.0,57.0,late,0.0
12319,553017,164960,connect,ended,1.0,,,0.0,1.0,late,0.0
12333,553994,384396,connect,ended,120.0,,,2.0,0.0,late,0.0
12343,554596,340333,connect,ended,112.0,,,1.0,52.0,late,0.0
12355,555589,384657,connect,ended,40.0,,,0.0,40.0,late,0.0
12367,556221,310576,connect,ended,126.0,,,2.0,6.0,late,0.0
12409,514932,401475,connect,ended,36.0,,,0.0,36.0,late,0.0
12411,516589,362187,connect,ended,74.0,564118.0,210.0,1.0,14.0,late,0.0
12426,523824,393172,connect,ended,43.0,,,0.0,43.0,late,0.0
12431,525298,392683,connect,ended,92.0,,,1.0,32.0,late,0.0
12437,526851,397569,connect,ended,25.0,,,0.0,25.0,late,0.0
12500,535011,369881,connect,ended,5.0,506161.0,120.0,0.0,5.0,late,0.0
12526,537484,358848,connect,ended,27.0,,,0.0,27.0,late,0.0
12559,540064,402528,connect,ended,206.0,,,3.0,26.0,late,0.0
12560,540156,340014,connect,ended,57.0,,,0.0,57.0,late,0.0
12563,540307,398942,connect,ended,2.0,,,0.0,2.0,late,0.0
12567,540523,342699,connect,ended,42.0,537316.0,120.0,0.0,42.0,late,0.0
12615,550970,365926,connect,ended,596.0,,,9.0,56.0,late,0.0
12620,557155,342452,connect,ended,37.0,,,0.0,37.0,late,0.0
12624,557343,372809,connect,ended,104.0,,,1.0,44.0,late,0.0
12646,558588,375621,connect,ended,41.0,,,0.0,41.0,late,0.0
12686,545169,352650,connect,ended,49.0,540370.0,120.0,0.0,49.0,late,0.0
12710,547055,337219,connect,ended,105.0,,,1.0,45.0,late,0.0
12718,556011,245154,connect,ended,99.0,,,1.0,39.0,late,0.0
12748,564573,317770,connect,ended,94.0,,,1.0,34.0,late,0.0
12749,564613,320834,connect,ended,28.0,,,0.0,28.0,late,0.0
12768,566140,407465,connect,ended,41.0,,,0.0,41.0,late,0.0
12775,566710,373893,connect,ended,122.0,561416.0,420.0,2.0,2.0,late,0.0
12801,540134,314456,connect,ended,62.0,543910.0,60.0,1.0,2.0,late,0.0
12812,540453,298429,connect,ended,39.0,,,0.0,39.0,late,0.0
12828,566043,309070,connect,ended,2.0,560738.0,300.0,0.0,2.0,late,0.0
12856,568236,384193,connect,ended,146.0,,,2.0,26.0,late,0.0
12867,569948,295783,connect,ended,5.0,,,0.0,5.0,late,0.0
12868,570040,348526,connect,ended,56.0,,,0.0,56.0,late,0.0
12882,572671,381787,connect,ended,12.0,,,0.0,12.0,late,0.0
12926,537967,335276,connect,ended,46.0,540855.0,0.0,0.0,46.0,late,0.0
12940,541339,391519,connect,ended,116.0,,,1.0,56.0,late,0.0
12962,542805,216148,connect,ended,77.0,,,1.0,17.0,late,0.0
12993,571014,245154,connect,ended,5.0,,,0.0,5.0,late,0.0
12999,571996,414029,connect,ended,13.0,,,0.0,13.0,late,0.0
13004,573184,398586,connect,ended,36.0,,,0.0,36.0,late,0.0
13045,566948,365635,connect,ended,19.0,,,0.0,19.0,late,0.0
13102,535996,336935,connect,ended,3.0,,,0.0,3.0,late,0.0
13111,536721,367365,connect,ended,29.0,,,0.0,29.0,late,0.0
13118,537243,365926,connect,ended,242.0,,,4.0,2.0,late,0.0
13119,537283,280224,connect,ended,60.0,,,1.0,0.0,late,0.0
13128,537960,390927,connect,ended,31.0,,,0.0,31.0,late,0.0
13138,551929,315136,connect,ended,82.0,,,1.0,22.0,late,0.0
13142,552138,385523,connect,ended,22.0,537139.0,30.0,0.0,22.0,late,0.0
13148,552492,359485,connect,ended,204.0,,,3.0,24.0,late,0.0
13157,547668,369881,connect,ended,13.0,535011.0,0.0,0.0,13.0,late,0.0
13160,548125,323889,connect,ended,16.0,,,0.0,16.0,late,0.0
13164,548280,278935,connect,ended,170.0,,,2.0,50.0,late,0.0
13171,548568,396791,connect,ended,32.0,,,0.0,32.0,late,0.0
13185,549666,289720,connect,ended,90.0,,,1.0,30.0,late,0.0
13227,564086,331337,connect,ended,50.0,,,0.0,50.0,late,0.0
13237,564957,401869,connect,ended,10.0,,,0.0,10.0,late,0.0
13283,553809,308073,connect,ended,207.0,,,3.0,27.0,late,0.0
13299,554958,312603,connect,ended,183.0,,,3.0,3.0,late,0.0
13304,555687,385629,connect,ended,98.0,,,1.0,38.0,late,0.0
13322,557292,301389,connect,ended,173.0,,,2.0,53.0,late,0.0
13338,558327,383443,connect,ended,78.0,566342.0,60.0,1.0,18.0,late,0.0
13366,560034,261709,connect,ended,180.0,,,3.0,0.0,late,0.0
13371,543769,307983,connect,ended,48.0,,,0.0,48.0,late,0.0
13386,535022,300528,connect,ended,4.0,,,0.0,4.0,late,0.0
13397,536162,390073,connect,ended,4.0,,,0.0,4.0,late,0.0
13420,537683,391618,connect,ended,54.0,549289.0,60.0,0.0,54.0,late,0.0
13429,538244,347208,connect,ended,23.0,,,0.0,23.0,late,0.0
13432,538544,357860,connect,ended,186.0,,,3.0,6.0,late,0.0
13449,544377,365926,connect,ended,19.0,,,0.0,19.0,late,0.0
13467,545952,366983,connect,ended,40.0,,,0.0,40.0,late,0.0
13481,553369,337414,connect,ended,267.0,,,4.0,27.0,late,0.0
13484,553587,317770,connect,ended,7.0,,,0.0,7.0,late,0.0
13489,553856,308038,connect,ended,2.0,,,0.0,2.0,late,0.0
13501,555334,340616,connect,ended,8.0,,,0.0,8.0,late,0.0
13525,556630,376605,connect,ended,1.0,,,0.0,1.0,late,0.0
13556,540547,385008,connect,ended,48.0,536772.0,120.0,0.0,48.0,late,0.0
13572,541944,317378,connect,ended,48.0,,,0.0,48.0,late,0.0
13583,542428,350374,connect,ended,118.0,,,1.0,58.0,late,0.0
13593,538830,265239,connect,ended,34.0,,,0.0,34.0,late,0.0
13603,539526,384396,connect,ended,139.0,,,2.0,19.0,late,0.0
13613,540243,352921,connect,ended,6.0,537768.0,0.0,0.0,6.0,late,0.0
13621,540618,319886,connect,ended,31.0,,,0.0,31.0,late,0.0
13643,541521,288908,connect,ended,21.0,,,0.0,21.0,late,0.0
13662,542156,295783,connect,ended,17.0,,,0.0,17.0,late,0.0
13673,573597,351660,connect,ended,23.0,,,0.0,23.0,late,0.0
13675,573698,181625,connect,ended,61.0,,,1.0,1.0,late,0.0
13688,557768,402985,connect,ended,12.0,,,0.0,12.0,late,0.0
13694,558307,341881,connect,ended,93.0,,,1.0,33.0,late,0.0
13708,547426,366037,connect,ended,27.0,,,0.0,27.0,late,0.0
13766,537073,213807,connect,ended,24.0,,,0.0,24.0,late,0.0
13775,537510,385756,connect,ended,8.0,,,0.0,8.0,late,0.0
13787,538291,375883,connect,ended,74.0,,,1.0,14.0,late,0.0
13837,550811,317361,connect,ended,69.0,,,1.0,9.0,late,0.0
13848,551334,377591,connect,ended,32.0,,,0.0,32.0,late,0.0
13862,552207,360551,connect,ended,68.0,550621.0,30.0,1.0,8.0,late,0.0
13863,552208,376311,connect,ended,33.0,549389.0,90.0,0.0,33.0,late,0.0
13865,552371,401475,connect,ended,47.0,,,0.0,47.0,late,0.0
13896,566328,385008,connect,ended,23.0,565761.0,690.0,0.0,23.0,late,0.0
13921,568471,177313,connect,ended,151.0,,,2.0,31.0,late,0.0
13951,573209,290600,connect,ended,55.0,,,0.0,55.0,late,0.0
13961,561063,308038,connect,ended,4.0,,,0.0,4.0,late,0.0
13964,561357,356106,connect,ended,1262.0,,,21.0,2.0,late,0.0
13965,561495,381810,connect,ended,115.0,,,1.0,55.0,late,0.0
13978,562435,409951,connect,ended,189.0,,,3.0,9.0,late,0.0
13993,563510,318728,connect,ended,225.0,,,3.0,45.0,late,0.0
14014,564963,181625,connect,ended,180.0,,,3.0,0.0,late,0.0
14027,542854,317024,connect,ended,116.0,542633.0,570.0,1.0,56.0,late,0.0
14028,542878,335276,connect,ended,79.0,553825.0,0.0,1.0,19.0,late,0.0
14071,560023,227119,connect,ended,3.0,,,0.0,3.0,late,0.0
14085,560949,310636,connect,ended,26.0,564126.0,60.0,0.0,26.0,late,0.0
14095,568987,391370,connect,ended,42.0,562708.0,0.0,0.0,42.0,late,0.0
14103,569996,358982,connect,ended,441.0,,,7.0,21.0,late,0.0
14121,572744,376311,connect,ended,27.0,,,0.0,27.0,late,0.0
14151,554496,270867,connect,ended,89.0,,,1.0,29.0,late,0.0
14160,555137,404130,connect,ended,26.0,552365.0,60.0,0.0,26.0,late,0.0
14179,556852,305819,connect,ended,92.0,,,1.0,32.0,late,0.0
14194,557902,355383,connect,ended,41.0,,,0.0,41.0,late,0.0
14219,559394,220877,connect,ended,66.0,,,1.0,6.0,late,0.0
14240,561089,307983,connect,ended,18.0,,,0.0,18.0,late,0.0
14241,561108,321752,connect,ended,26.0,,,0.0,26.0,late,0.0
14265,565968,338243,connect,ended,37.0,560465.0,720.0,0.0,37.0,late,0.0
14278,566613,314456,connect,ended,10.0,,,0.0,10.0,late,0.0
14285,567392,383625,connect,ended,15.0,,,0.0,15.0,late,0.0
14292,568701,332582,connect,ended,194.0,,,3.0,14.0,late,0.0
14314,572193,399806,connect,ended,386.0,,,6.0,26.0,late,0.0
14315,572385,378003,connect,ended,153.0,,,2.0,33.0,late,0.0
14324,575061,364882,connect,ended,73.0,,,1.0,13.0,late,0.0
14326,563040,351660,connect,ended,41.0,,,0.0,41.0,late,0.0
14334,563348,225486,connect,ended,97.0,563757.0,0.0,1.0,37.0,late,0.0
14342,564123,347042,connect,ended,78.0,,,1.0,18.0,late,0.0
14351,514841,367776,connect,ended,37.0,,,0.0,37.0,late,0.0
14353,515692,397569,connect,ended,7.0,,,0.0,7.0,late,0.0
14399,533111,367776,connect,ended,117.0,,,1.0,57.0,late,0.0
14424,536081,353425,connect,ended,143.0,,,2.0,23.0,late,0.0
14431,536790,342085,connect,ended,22.0,,,0.0,22.0,late,0.0
14435,537064,401649,connect,ended,84.0,562864.0,0.0,1.0,24.0,late,0.0
14457,542941,366872,connect,ended,164.0,,,2.0,44.0,late,0.0
14466,543418,376491,connect,ended,3.0,,,0.0,3.0,late,0.0
14467,543440,226544,connect,ended,1.0,,,0.0,1.0,late,0.0
14468,543536,328135,connect,ended,54.0,,,0.0,54.0,late,0.0
14493,544588,377591,connect,ended,50.0,562313.0,60.0,0.0,50.0,late,0.0
14498,545201,371162,connect,ended,15.0,,,0.0,15.0,late,0.0
14535,562771,285241,connect,ended,35.0,,,0.0,35.0,late,0.0
14560,564479,359485,connect,ended,121.0,561602.0,210.0,2.0,1.0,late,0.0
14597,559521,411754,connect,ended,81.0,556456.0,660.0,1.0,21.0,late,0.0
14622,561580,369447,connect,ended,30.0,,,0.0,30.0,late,0.0
14623,561602,359485,connect,ended,8.0,,,0.0,8.0,late,0.0
14626,561698,312078,connect,ended,45.0,564914.0,0.0,0.0,45.0,late,0.0
14631,562189,366981,connect,ended,155.0,,,2.0,35.0,late,0.0
14632,562202,216576,connect,ended,31.0,559387.0,240.0,0.0,31.0,late,0.0
14653,563879,318782,connect,ended,97.0,,,1.0,37.0,late,0.0
14680,558905,392683,connect,ended,55.0,553157.0,0.0,0.0,55.0,late,0.0
14683,559085,173380,connect,ended,20.0,,,0.0,20.0,late,0.0
14685,559451,340594,connect,ended,18.0,,,0.0,18.0,late,0.0
14701,560840,406289,connect,ended,16.0,,,0.0,16.0,late,0.0
14713,561734,385391,connect,ended,10.0,,,0.0,10.0,late,0.0
14721,562099,348999,connect,ended,36.0,,,0.0,36.0,late,0.0
14723,562285,391901,connect,ended,157.0,,,2.0,37.0,late,0.0
14727,562432,303309,connect,ended,22.0,,,0.0,22.0,late,0.0
14736,563200,396009,connect,ended,12.0,,,0.0,12.0,late,0.0
14740,563393,336650,connect,ended,68.0,,,1.0,8.0,late,0.0
14746,563578,390590,connect,ended,6.0,,,0.0,6.0,late,0.0
14770,564958,359880,connect,ended,195.0,,,3.0,15.0,late,0.0
14773,565201,265664,connect,ended,8.0,,,0.0,8.0,late,0.0
14796,565814,389565,connect,ended,48.0,565397.0,0.0,0.0,48.0,late,0.0
14802,565979,371159,connect,ended,48.0,563458.0,60.0,0.0,48.0,late,0.0
14817,567081,288908,connect,ended,42.0,,,0.0,42.0,late,0.0
14837,569132,398942,connect,ended,38.0,,,0.0,38.0,late,0.0
14839,569301,195977,connect,ended,62.0,561125.0,660.0,1.0,2.0,late,0.0
14843,569822,379751,connect,ended,7.0,,,0.0,7.0,late,0.0
14854,571565,300505,connect,ended,35.0,,,0.0,35.0,late,0.0
14859,572850,406551,connect,ended,155.0,,,2.0,35.0,late,0.0
14863,573599,347464,connect,ended,23.0,,,0.0,23.0,late,0.0
14866,575031,319886,connect,ended,92.0,571453.0,660.0,1.0,32.0,late,0.0
14868,575528,409993,connect,ended,31.0,,,0.0,31.0,late,0.0
14883,538854,348293,connect,ended,46.0,,,0.0,46.0,late,0.0
14939,570240,285452,connect,ended,101.0,,,1.0,41.0,late,0.0
14941,570796,385721,connect,ended,43.0,,,0.0,43.0,late,0.0
14965,574540,403962,connect,ended,153.0,,,2.0,33.0,late,0.0
14978,539981,366981,connect,ended,75.0,,,1.0,15.0,late,0.0
14997,541144,192179,connect,ended,46.0,,,0.0,46.0,late,0.0
15001,541304,348526,connect,ended,121.0,,,2.0,1.0,late,0.0
15018,565700,308073,connect,ended,55.0,,,0.0,55.0,late,0.0
15031,566431,377591,connect,ended,27.0,,,0.0,27.0,late,0.0
15036,566798,375126,connect,ended,50.0,,,0.0,50.0,late,0.0
15093,571965,376491,connect,ended,17.0,,,0.0,17.0,late,0.0
15103,573482,254689,connect,ended,16.0,,,0.0,16.0,late,0.0
15108,574491,317330,connect,ended,33.0,,,0.0,33.0,late,0.0
15111,574676,405611,connect,ended,35.0,,,0.0,35.0,late,0.0
15130,541166,357576,connect,ended,175.0,,,2.0,55.0,late,0.0
15157,543326,373864,connect,ended,85.0,,,1.0,25.0,late,0.0
15169,544077,381708,connect,ended,121.0,,,2.0,1.0,late,0.0
15176,544232,164960,connect,ended,7.0,,,0.0,7.0,late,0.0
15255,545715,405005,connect,ended,47.0,,,0.0,47.0,late,0.0
15276,547042,390509,connect,ended,22.0,,,0.0,22.0,late,0.0
15282,547383,290600,connect,ended,19.0,,,0.0,19.0,late,0.0
15287,547758,314107,connect,ended,89.0,,,1.0,29.0,late,0.0
15289,547814,376760,connect,ended,8.0,,,0.0,8.0,late,0.0
15309,549462,381708,connect,ended,142.0,548698.0,60.0,2.0,22.0,late,0.0
15314,549615,390608,connect,ended,2.0,,,0.0,2.0,late,0.0
15323,549892,316678,connect,ended,23.0,,,0.0,23.0,late,0.0
15324,550096,312603,connect,ended,7.0,,,0.0,7.0,late,0.0
15340,551029,383110,connect,ended,58.0,,,0.0,58.0,late,0.0
15354,551957,359045,connect,ended,3.0,546597.0,30.0,0.0,3.0,late,0.0
15391,545585,394656,connect,ended,34.0,,,0.0,34.0,late,0.0
15393,545714,375126,connect,ended,3.0,,,0.0,3.0,late,0.0
15408,546667,402083,connect,ended,272.0,,,4.0,32.0,late,0.0
15482,551724,228703,connect,ended,102.0,549401.0,30.0,1.0,42.0,late,0.0
15534,540058,228703,connect,ended,6.0,,,0.0,6.0,late,0.0
15561,566719,340369,connect,ended,44.0,,,0.0,44.0,late,0.0
15583,548193,381787,connect,ended,158.0,,,2.0,38.0,late,0.0
15592,548939,332582,connect,ended,67.0,,,1.0,7.0,late,0.0
15596,549044,375128,connect,ended,41.0,,,0.0,41.0,late,0.0
15615,550215,360474,connect,ended,61.0,,,1.0,1.0,late,0.0
15627,551104,366371,connect,ended,7.0,550102.0,30.0,0.0,7.0,late,0.0
15628,551151,396009,connect,ended,156.0,545980.0,480.0,2.0,36.0,late,0.0
15637,567218,355842,connect,ended,267.0,,,4.0,27.0,late,0.0
15660,540016,357860,connect,ended,16.0,542394.0,570.0,0.0,16.0,late,0.0
15702,543319,298117,connect,ended,141.0,,,2.0,21.0,late,0.0
15708,543590,351546,connect,ended,88.0,,,1.0,28.0,late,0.0
15709,543606,376901,connect,ended,18.0,,,0.0,18.0,late,0.0
15720,544486,405005,connect,ended,10.0,,,0.0,10.0,late,0.0
15743,547135,305816,connect,ended,21.0,,,0.0,21.0,late,0.0
15744,547143,370997,connect,ended,9.0,,,0.0,9.0,late,0.0
15760,548542,396483,connect,ended,43.0,,,0.0,43.0,late,0.0
15779,542244,241021,connect,ended,80.0,542010.0,60.0,1.0,20.0,late,0.0
15830,545541,343808,connect,ended,320.0,,,5.0,20.0,late,0.0
15837,545937,355900,connect,ended,77.0,,,1.0,17.0,late,0.0
15857,547144,275364,connect,ended,7.0,,,0.0,7.0,late,0.0
15866,547579,359049,connect,ended,32.0,,,0.0,32.0,late,0.0
15897,542935,377119,connect,ended,16.0,,,0.0,16.0,late,0.0
15912,543270,342699,connect,ended,38.0,,,0.0,38.0,late,0.0
15915,543498,243208,connect,ended,42.0,,,0.0,42.0,late,0.0
15921,544153,357530,connect,ended,6.0,,,0.0,6.0,late,0.0
15937,544898,216576,connect,ended,17.0,,,0.0,17.0,late,0.0
15951,545820,284799,connect,ended,30.0,,,0.0,30.0,late,0.0
15959,546242,368604,connect,ended,2.0,555708.0,540.0,0.0,2.0,late,0.0
15968,547119,374809,connect,ended,25.0,,,0.0,25.0,late,0.0
15970,547273,312078,connect,ended,32.0,,,0.0,32.0,late,0.0
15975,547497,404130,connect,ended,3.0,541826.0,90.0,0.0,3.0,late,0.0
15988,569272,366164,connect,ended,7.0,571324.0,120.0,0.0,7.0,late,0.0
15994,569691,399528,connect,ended,53.0,,,0.0,53.0,late,0.0
16010,571932,315136,connect,ended,160.0,,,2.0,40.0,late,0.0
16011,572076,367632,connect,ended,50.0,570241.0,180.0,0.0,50.0,late,0.0
16013,572643,335276,connect,ended,14.0,,,0.0,14.0,late,0.0
16014,572655,328135,connect,ended,1.0,,,0.0,1.0,late,0.0
16025,551243,339149,connect,ended,76.0,,,1.0,16.0,late,0.0
16032,551557,341861,connect,ended,40.0,,,0.0,40.0,late,0.0
16052,552978,352393,connect,ended,69.0,,,1.0,9.0,late,0.0
16060,553337,176670,connect,ended,164.0,,,2.0,44.0,late,0.0
16095,548802,311707,connect,ended,32.0,,,0.0,32.0,late,0.0
16114,550413,356551,connect,ended,22.0,,,0.0,22.0,late,0.0
16134,552292,387107,connect,ended,17.0,,,0.0,17.0,late,0.0
16145,553132,401508,connect,ended,36.0,,,0.0,36.0,late,0.0
16146,553179,394400,connect,ended,75.0,,,1.0,15.0,late,0.0
16149,553371,359880,connect,ended,735.0,,,12.0,15.0,late,0.0
16152,553450,333553,connect,ended,37.0,,,0.0,37.0,late,0.0
16177,543850,262344,connect,ended,51.0,541998.0,210.0,0.0,51.0,late,0.0
16179,544099,362187,connect,ended,39.0,,,0.0,39.0,late,0.0
16187,544688,362531,connect,ended,334.0,,,5.0,34.0,late,0.0
16203,548306,393968,connect,ended,27.0,,,0.0,27.0,late,0.0
16253,550717,377119,connect,ended,59.0,545344.0,30.0,0.0,59.0,late,0.0
16271,544811,398586,connect,ended,50.0,,,0.0,50.0,late,0.0
16282,545378,407432,connect,ended,3.0,,,0.0,3.0,late,0.0
16284,545574,387107,connect,ended,4.0,,,0.0,4.0,late,0.0
16289,545822,307364,connect,ended,26.0,,,0.0,26.0,late,0.0
16297,546332,214635,connect,ended,31.0,547177.0,0.0,0.0,31.0,late,0.0
16308,547189,305155,connect,ended,18.0,,,0.0,18.0,late,0.0
16313,548339,295105,connect,ended,70.0,,,1.0,10.0,late,0.0
16319,548725,355383,connect,ended,10.0,,,0.0,10.0,late,0.0
16335,549793,303749,connect,ended,31.0,,,0.0,31.0,late,0.0
16339,550032,360299,connect,ended,10.0,,,0.0,10.0,late,0.0
16363,551169,405005,connect,ended,58.0,544486.0,0.0,0.0,58.0,late,0.0
16371,551587,265239,connect,ended,12.0,,,0.0,12.0,late,0.0
16373,551621,265239,connect,ended,20.0,,,0.0,20.0,late,0.0
16405,553937,262187,connect,ended,26.0,,,0.0,26.0,late,0.0
16437,556058,371539,connect,ended,2.0,,,0.0,2.0,late,0.0
16492,555950,364160,connect,ended,27.0,550502.0,120.0,0.0,27.0,late,0.0
16506,556835,378072,connect,ended,77.0,,,1.0,17.0,late,0.0
16522,557740,311664,connect,ended,86.0,,,1.0,26.0,late,0.0
16530,558165,362199,connect,ended,141.0,,,2.0,21.0,late,0.0
16571,560698,385303,connect,ended,5.0,,,0.0,5.0,late,0.0
16577,561144,413185,connect,ended,4.0,,,0.0,4.0,late,0.0
16602,562801,312351,connect,ended,41.0,,,0.0,41.0,late,0.0
16608,563353,326551,connect,ended,8.0,,,0.0,8.0,late,0.0
16634,565007,362507,connect,ended,35.0,567477.0,720.0,0.0,35.0,late,0.0
16650,557269,390590,connect,ended,2.0,,,0.0,2.0,late,0.0
16657,557839,382821,connect,ended,20.0,,,0.0,20.0,late,0.0
16674,559165,376491,connect,ended,90.0,,,1.0,30.0,late,0.0
16687,560216,364882,connect,ended,40.0,,,0.0,40.0,late,0.0
16688,560341,319886,connect,ended,38.0,,,0.0,38.0,late,0.0
16690,560422,305525,connect,ended,209.0,,,3.0,29.0,late,0.0
16697,560569,377591,connect,ended,3.0,,,0.0,3.0,late,0.0
16701,560879,376311,connect,ended,21.0,563536.0,300.0,0.0,21.0,late,0.0
16738,563796,369938,connect,ended,94.0,,,1.0,34.0,late,0.0
16748,564923,376760,connect,ended,30.0,,,0.0,30.0,late,0.0
16763,549192,359880,connect,ended,45.0,,,0.0,45.0,late,0.0
16772,549827,376556,connect,ended,110.0,,,1.0,50.0,late,0.0
16773,549864,175887,connect,ended,72.0,558049.0,720.0,1.0,12.0,late,0.0
16787,550497,392847,connect,ended,141.0,554124.0,0.0,2.0,21.0,late,0.0
16793,551132,405142,connect,ended,18.0,,,0.0,18.0,late,0.0
16803,551750,289901,connect,ended,1.0,,,0.0,1.0,late,0.0
16806,551964,402989,connect,ended,60.0,,,1.0,0.0,late,0.0
16811,555125,289901,connect,ended,19.0,,,0.0,19.0,late,0.0
16818,555696,228359,connect,ended,2.0,,,0.0,2.0,late,0.0
16819,555712,375621,connect,ended,16.0,,,0.0,16.0,late,0.0
16820,555818,393172,connect,ended,17.0,,,0.0,17.0,late,0.0
16841,557078,301301,connect,ended,104.0,555752.0,180.0,1.0,44.0,late,0.0
16859,539441,310553,connect,ended,23.0,,,0.0,23.0,late,0.0
16870,540254,383144,connect,ended,75.0,534854.0,120.0,1.0,15.0,late,0.0
16878,540779,384193,connect,ended,6.0,550547.0,0.0,0.0,6.0,late,0.0
16905,542384,344254,connect,ended,97.0,539674.0,180.0,1.0,37.0,late,0.0
16933,555968,317330,connect,ended,15.0,,,0.0,15.0,late,0.0
16939,556644,338216,connect,ended,45.0,,,0.0,45.0,late,0.0
16944,556716,364160,connect,ended,127.0,560217.0,30.0,2.0,7.0,late,0.0
16974,558294,402780,connect,ended,134.0,,,2.0,14.0,late,0.0
16976,558491,407607,connect,ended,25.0,,,0.0,25.0,late,0.0
16981,558805,393968,connect,ended,408.0,,,6.0,48.0,late,0.0
16997,559567,352039,connect,ended,15.0,,,0.0,15.0,late,0.0
17004,559897,382302,connect,ended,99.0,558352.0,660.0,1.0,39.0,late,0.0
17010,560441,406245,connect,ended,41.0,,,0.0,41.0,late,0.0
17019,561381,396791,connect,ended,43.0,,,0.0,43.0,late,0.0
17047,563782,370585,connect,ended,136.0,,,2.0,16.0,late,0.0
17071,565050,401870,connect,ended,14.0,,,0.0,14.0,late,0.0
17112,561740,296815,connect,ended,22.0,,,0.0,22.0,late,0.0
17121,562258,366371,connect,ended,24.0,,,0.0,24.0,late,0.0
17195,565398,395204,connect,ended,13.0,,,0.0,13.0,late,0.0
17205,566437,374809,connect,ended,2.0,,,0.0,2.0,late,0.0
17241,570644,374360,connect,ended,18.0,567682.0,60.0,0.0,18.0,late,0.0
17249,571999,176702,connect,ended,144.0,,,2.0,24.0,late,0.0
17256,573147,358978,connect,ended,6.0,,,0.0,6.0,late,0.0
17293,569004,341881,connect,ended,41.0,565020.0,630.0,0.0,41.0,late,0.0
17300,545953,341119,connect,ended,7.0,,,0.0,7.0,late,0.0
17309,546376,396483,connect,ended,236.0,,,3.0,56.0,late,0.0
17312,546728,401869,connect,ended,2.0,,,0.0,2.0,late,0.0
17318,547078,347208,connect,ended,133.0,545645.0,0.0,2.0,13.0,late,0.0
17340,548651,381787,connect,ended,137.0,,,2.0,17.0,late,0.0
17352,549470,181434,connect,ended,170.0,,,2.0,50.0,late,0.0
17358,549690,342586,connect,ended,35.0,,,0.0,35.0,late,0.0
17375,550705,367632,connect,ended,205.0,564510.0,420.0,3.0,25.0,late,0.0
17379,550938,334190,connect,ended,110.0,549759.0,0.0,1.0,50.0,late,0.0
17387,551649,280227,connect,ended,34.0,,,0.0,34.0,late,0.0
17413,570260,385721,connect,ended,101.0,,,1.0,41.0,late,0.0
17417,570585,406625,connect,ended,9.0,,,0.0,9.0,late,0.0
17446,547975,386259,connect,ended,27.0,,,0.0,27.0,late,0.0
17451,548202,371572,connect,ended,29.0,,,0.0,29.0,late,0.0
17472,549612,390702,connect,ended,2.0,,,0.0,2.0,late,0.0
17481,550554,372856,connect,ended,133.0,,,2.0,13.0,late,0.0
17483,550645,359049,connect,ended,249.0,,,4.0,9.0,late,0.0
17526,551373,385628,connect,ended,12.0,,,0.0,12.0,late,0.0
17542,552657,346755,connect,ended,96.0,,,1.0,36.0,late,0.0
17548,553405,349678,connect,ended,9.0,,,0.0,9.0,late,0.0
17560,554175,317770,connect,ended,18.0,,,0.0,18.0,late,0.0
17572,554857,381708,connect,ended,52.0,,,0.0,52.0,late,0.0
17591,553682,401475,connect,ended,37.0,552583.0,420.0,0.0,37.0,late,0.0
17599,554077,181625,connect,ended,6.0,,,0.0,6.0,late,0.0
17600,554118,366164,connect,ended,113.0,550687.0,180.0,1.0,53.0,late,0.0
17632,556524,285452,connect,ended,56.0,,,0.0,56.0,late,0.0
17644,557157,411754,connect,ended,20.0,,,0.0,20.0,late,0.0
17661,553252,394656,connect,ended,6.0,546275.0,540.0,0.0,6.0,late,0.0
17665,553765,311707,connect,ended,315.0,,,5.0,15.0,late,0.0
17679,554880,373507,connect,ended,69.0,,,1.0,9.0,late,0.0
17698,553223,398586,connect,ended,172.0,544811.0,30.0,2.0,52.0,late,0.0
17720,554812,298516,connect,ended,8.0,548564.0,150.0,0.0,8.0,late,0.0
17751,556554,394656,connect,ended,5.0,,,0.0,5.0,late,0.0
17778,566489,312603,connect,ended,31.0,,,0.0,31.0,late,0.0
17788,567119,176702,connect,ended,23.0,,,0.0,23.0,late,0.0
17789,567123,409991,connect,ended,57.0,,,0.0,57.0,late,0.0
17808,513130,301301,connect,ended,205.0,,,3.0,25.0,late,0.0
17816,517917,385025,connect,ended,97.0,,,1.0,37.0,late,0.0
17823,519980,358978,connect,ended,10.0,,,0.0,10.0,late,0.0
17855,533792,401649,connect,ended,106.0,546026.0,30.0,1.0,46.0,late,0.0
17857,534344,280805,connect,ended,18.0,,,0.0,18.0,late,0.0
17890,568759,336349,connect,ended,1466.0,,,24.0,26.0,late,1.0
17893,568815,385629,connect,ended,47.0,564703.0,0.0,0.0,47.0,late,0.0
17905,570960,317330,connect,ended,51.0,,,0.0,51.0,late,0.0
17909,571634,404128,connect,ended,12.0,,,0.0,12.0,late,0.0
17926,575426,301301,connect,ended,6.0,,,0.0,6.0,late,0.0
17939,540756,303309,connect,ended,49.0,,,0.0,49.0,late,0.0
17953,541396,379751,connect,ended,33.0,,,0.0,33.0,late,0.0
17995,570277,347873,connect,ended,12.0,,,0.0,12.0,late,0.0
17998,570947,393781,connect,ended,28.0,,,0.0,28.0,late,0.0
18006,572323,341861,connect,ended,46.0,,,0.0,46.0,late,0.0
18007,572977,391915,connect,ended,23.0,,,0.0,23.0,late,0.0
18008,573207,216576,connect,ended,93.0,565493.0,300.0,1.0,33.0,late,0.0
18016,575784,408638,connect,ended,81.0,,,1.0,21.0,late,0.0
18021,552271,396435,connect,ended,123.0,,,2.0,3.0,late,0.0
18031,552832,216148,connect,ended,77.0,,,1.0,17.0,late,0.0
18038,552955,317330,connect,ended,9.0,,,0.0,9.0,late,0.0
18054,554056,216148,connect,ended,11.0,,,0.0,11.0,late,0.0
18057,554129,390467,connect,ended,1.0,,,0.0,1.0,late,0.0
18070,555579,314456,connect,ended,75.0,,,1.0,15.0,late,0.0
18102,545268,399528,connect,ended,23.0,,,0.0,23.0,late,0.0
18134,545437,383443,connect,ended,26.0,541311.0,120.0,0.0,26.0,late,0.0
18137,545549,367632,connect,ended,154.0,,,2.0,34.0,late,0.0
18141,545705,352039,connect,ended,2.0,548559.0,720.0,0.0,2.0,late,0.0
18142,545747,366983,connect,ended,62.0,,,1.0,2.0,late,0.0
18143,545767,300505,connect,ended,32.0,532682.0,90.0,0.0,32.0,late,0.0
18149,546262,371632,connect,ended,21.0,,,0.0,21.0,late,0.0
18152,546403,212965,connect,ended,25.0,,,0.0,25.0,late,0.0
18173,548292,341037,connect,ended,69.0,,,1.0,9.0,late,0.0
18180,548533,391519,connect,ended,28.0,,,0.0,28.0,late,0.0
18184,548950,342699,connect,ended,98.0,546290.0,30.0,1.0,38.0,late,0.0
18185,548971,399575,connect,ended,102.0,549086.0,180.0,1.0,42.0,late,0.0
18209,556907,289720,connect,ended,30.0,,,0.0,30.0,late,0.0
18232,558133,371632,connect,ended,29.0,,,0.0,29.0,late,0.0
18259,559384,347934,connect,ended,35.0,,,0.0,35.0,late,0.0
18268,559736,397569,connect,ended,63.0,,,1.0,3.0,late,0.0
18270,558115,344254,connect,ended,6.0,,,0.0,6.0,late,0.0
18272,558292,406289,connect,ended,152.0,,,2.0,32.0,late,0.0
18305,559997,305525,connect,ended,6.0,,,0.0,6.0,late,0.0
18319,537033,324821,connect,ended,8.0,,,0.0,8.0,late,0.0
18320,537316,342699,connect,ended,66.0,,,1.0,6.0,late,0.0
18345,539116,369781,connect,ended,24.0,,,0.0,24.0,late,0.0
18357,539468,298516,connect,ended,4.0,,,0.0,4.0,late,0.0
18378,557737,365315,connect,ended,26.0,,,0.0,26.0,late,0.0
18385,558180,164960,connect,ended,20.0,,,0.0,20.0,late,0.0
18391,558657,406245,connect,ended,10.0,,,0.0,10.0,late,0.0
18394,558731,407607,connect,ended,194.0,,,3.0,14.0,late,0.0
18398,558967,366164,connect,ended,36.0,,,0.0,36.0,late,0.0
18403,559289,296967,connect,ended,38.0,,,0.0,38.0,late,0.0
18405,559379,290600,connect,ended,1.0,,,0.0,1.0,late,0.0
18428,557571,334006,connect,ended,7.0,,,0.0,7.0,late,0.0
18429,557598,241021,connect,ended,120.0,,,2.0,0.0,late,0.0
18463,559528,255576,connect,ended,9.0,558076.0,660.0,0.0,9.0,late,0.0
18477,561117,389785,connect,ended,13.0,,,0.0,13.0,late,0.0
18483,561609,385523,connect,ended,124.0,,,2.0,4.0,late,0.0
18509,563811,351597,connect,ended,131.0,,,2.0,11.0,late,0.0
18515,564096,310553,connect,ended,3.0,561903.0,0.0,0.0,3.0,late,0.0
18517,564340,387810,connect,ended,308.0,,,5.0,8.0,late,0.0
18522,564758,176220,connect,ended,41.0,,,0.0,41.0,late,0.0
18549,551633,386413,connect,ended,58.0,,,0.0,58.0,late,0.0
18555,552128,324821,connect,ended,86.0,,,1.0,26.0,late,0.0
18563,545721,390467,connect,ended,254.0,,,4.0,14.0,late,0.0
18586,547115,334190,connect,ended,93.0,,,1.0,33.0,late,0.0
18605,548622,308073,connect,ended,29.0,,,0.0,29.0,late,0.0
18625,550131,338947,connect,ended,19.0,,,0.0,19.0,late,0.0
18629,550317,374298,connect,ended,11.0,,,0.0,11.0,late,0.0
18643,561062,275364,connect,ended,139.0,,,2.0,19.0,late,0.0
18664,560354,338243,connect,ended,54.0,557661.0,180.0,0.0,54.0,late,0.0
18673,560942,357288,connect,ended,46.0,,,0.0,46.0,late,0.0
18689,562053,397698,connect,ended,42.0,,,0.0,42.0,late,0.0
18698,562661,255757,connect,ended,2.0,,,0.0,2.0,late,0.0
18704,562928,321752,connect,ended,31.0,,,0.0,31.0,late,0.0
18705,562977,405611,connect,ended,210.0,558473.0,120.0,3.0,30.0,late,0.0
18715,563517,363133,connect,ended,78.0,565338.0,120.0,1.0,18.0,late,0.0
18721,563757,225486,connect,ended,7.0,,,0.0,7.0,late,0.0
18733,564501,341062,connect,ended,25.0,,,0.0,25.0,late,0.0
18755,556699,386413,connect,ended,51.0,,,0.0,51.0,late,0.0
18766,557659,298117,connect,ended,22.0,552177.0,360.0,0.0,22.0,late,0.0
18768,557696,408715,connect,ended,24.0,,,0.0,24.0,late,0.0
18770,557817,289112,connect,ended,63.0,540139.0,690.0,1.0,3.0,late,0.0
18783,558654,366981,connect,ended,8.0,542471.0,630.0,0.0,8.0,late,0.0
18801,559535,403255,connect,ended,288.0,,,4.0,48.0,late,0.0
18809,559824,336935,connect,ended,14.0,,,0.0,14.0,late,0.0
18811,559943,359358,connect,ended,13.0,,,0.0,13.0,late,0.0
18843,563146,285452,connect,ended,21.0,,,0.0,21.0,late,0.0
18858,560684,399524,connect,ended,156.0,,,2.0,36.0,late,0.0
18865,540198,371354,connect,ended,193.0,,,3.0,13.0,late,0.0
18879,541156,402562,connect,ended,16.0,,,0.0,16.0,late,0.0
18895,541942,391618,connect,ended,144.0,531518.0,60.0,2.0,24.0,late,0.0
18903,542598,348526,connect,ended,148.0,545276.0,510.0,2.0,28.0,late,0.0
18923,544186,390467,connect,ended,65.0,542241.0,690.0,1.0,5.0,late,0.0
18940,562013,310918,connect,ended,15.0,,,0.0,15.0,late,0.0
18984,552107,401649,connect,ended,92.0,,,1.0,32.0,late,0.0
18996,553206,404130,connect,ended,18.0,,,0.0,18.0,late,0.0
19006,553844,342699,connect,ended,183.0,,,3.0,3.0,late,0.0
19029,553589,366371,connect,ended,44.0,,,0.0,44.0,late,0.0
19043,554411,295726,connect,ended,89.0,,,1.0,29.0,late,0.0
19045,554493,320824,connect,ended,3.0,,,0.0,3.0,late,0.0
19052,555239,176670,connect,ended,96.0,,,1.0,36.0,late,0.0
19076,565678,348485,connect,ended,39.0,560263.0,360.0,0.0,39.0,late,0.0
19093,566678,223575,connect,ended,208.0,,,3.0,28.0,late,0.0
19108,567341,347934,connect,ended,49.0,,,0.0,49.0,late,0.0
19126,563675,246368,connect,ended,15.0,,,0.0,15.0,late,0.0
19130,563836,355383,connect,ended,114.0,,,1.0,54.0,late,0.0
19138,564157,365266,connect,ended,70.0,,,1.0,10.0,late,0.0
19149,565254,212965,connect,ended,98.0,560539.0,420.0,1.0,38.0,late,0.0
19152,565749,348482,connect,ended,8.0,,,0.0,8.0,late,0.0
19171,567232,401388,connect,ended,8.0,,,0.0,8.0,late,0.0
19184,564385,389565,connect,ended,22.0,,,0.0,22.0,late,0.0
19188,564765,374809,connect,ended,7.0,,,0.0,7.0,late,0.0
19193,564951,298117,connect,ended,238.0,,,3.0,58.0,late,0.0
19201,565414,402780,connect,ended,12.0,,,0.0,12.0,late,0.0
19206,565673,338969,connect,ended,54.0,,,0.0,54.0,late,0.0
19211,565751,358567,connect,ended,41.0,,,0.0,41.0,late,0.0
19214,544732,311707,connect,ended,2.0,,,0.0,2.0,late,0.0
19231,546000,358982,connect,ended,10.0,,,0.0,10.0,late,0.0
19250,546959,405005,connect,ended,38.0,545715.0,240.0,0.0,38.0,late,0.0
19291,564203,176220,connect,ended,60.0,,,1.0,0.0,late,0.0
19316,566646,403254,connect,ended,117.0,,,1.0,57.0,late,0.0
19348,568997,310681,connect,ended,17.0,,,0.0,17.0,late,0.0
19356,569963,383344,connect,ended,61.0,,,1.0,1.0,late,0.0
19357,569976,347873,connect,ended,1394.0,,,23.0,14.0,late,0.0
19381,572745,381499,connect,ended,188.0,,,3.0,8.0,late,0.0
19407,556777,357860,connect,ended,20.0,,,0.0,20.0,late,0.0
19418,557446,393172,connect,ended,9.0,,,0.0,9.0,late,0.0
19419,557447,365266,connect,ended,10.0,,,0.0,10.0,late,0.0
19420,557463,366037,connect,ended,54.0,,,0.0,54.0,late,0.0
19428,557853,356106,connect,ended,11.0,,,0.0,11.0,late,0.0
19443,558463,367608,connect,ended,127.0,,,2.0,7.0,late,0.0
19454,559512,248300,connect,ended,58.0,552427.0,0.0,0.0,58.0,late,0.0
19455,559616,337414,connect,ended,80.0,,,1.0,20.0,late,0.0
19483,555299,371572,connect,ended,641.0,549796.0,0.0,10.0,41.0,late,0.0
19502,556474,371632,connect,ended,118.0,,,1.0,58.0,late,0.0
19506,556812,376311,connect,ended,91.0,,,1.0,31.0,late,0.0
19511,567841,380239,connect,ended,90.0,,,1.0,30.0,late,0.0
19520,568314,370997,connect,ended,179.0,,,2.0,59.0,late,0.0
19535,570013,383344,connect,ended,33.0,569963.0,360.0,0.0,33.0,late,0.0
19549,573264,373893,connect,ended,76.0,,,1.0,16.0,late,0.0
19561,575351,312078,connect,ended,2.0,,,0.0,2.0,late,0.0
19569,568278,351549,connect,ended,355.0,565967.0,510.0,5.0,55.0,late,0.0
19590,569967,275062,connect,ended,75.0,,,1.0,15.0,late,0.0
19596,570646,295830,connect,ended,110.0,,,1.0,50.0,late,0.0
19613,572554,397217,connect,ended,114.0,,,1.0,54.0,late,0.0
19621,567467,290600,connect,ended,6.0,,,0.0,6.0,late,0.0
19629,567918,378072,connect,ended,55.0,,,0.0,55.0,late,0.0
19637,568416,336935,connect,ended,2.0,559824.0,630.0,0.0,2.0,late,0.0
19642,568649,378003,connect,ended,52.0,572385.0,90.0,0.0,52.0,late,0.0
19645,568704,385628,connect,ended,49.0,563946.0,630.0,0.0,49.0,late,0.0
19646,568708,275364,connect,ended,39.0,563004.0,0.0,0.0,39.0,late,0.0
19673,549019,349894,connect,ended,32.0,,,0.0,32.0,late,0.0
19680,549427,355097,connect,ended,21.0,,,0.0,21.0,late,0.0
19682,549567,364907,connect,ended,6.0,,,0.0,6.0,late,0.0
19687,549962,401869,connect,ended,486.0,,,8.0,6.0,late,0.0
19690,550038,192575,connect,ended,19.0,,,0.0,19.0,late,0.0
19699,550442,374741,connect,ended,78.0,555908.0,180.0,1.0,18.0,late,0.0
19701,550585,384040,connect,ended,42.0,,,0.0,42.0,late,0.0
19721,552192,398152,connect,ended,153.0,,,2.0,33.0,late,0.0
19733,568064,335276,connect,ended,121.0,573893.0,180.0,2.0,1.0,late,0.0
19755,571376,391379,connect,ended,34.0,,,0.0,34.0,late,0.0
19765,573731,374298,connect,ended,117.0,,,1.0,57.0,late,0.0
19766,573926,385131,connect,ended,199.0,,,3.0,19.0,late,0.0
19769,574430,406124,connect,ended,22.0,,,0.0,22.0,late,0.0
19774,575574,173061,connect,ended,42.0,574480.0,240.0,0.0,42.0,late,0.0
19788,557642,223783,connect,ended,13.0,,,0.0,13.0,late,0.0
19797,558004,357576,connect,ended,148.0,,,2.0,28.0,late,0.0
19822,561273,398152,connect,ended,4.0,,,0.0,4.0,late,0.0
19826,561376,304392,connect,ended,17.0,,,0.0,17.0,late,0.0
19839,562587,382821,connect,ended,81.0,,,1.0,21.0,late,0.0
19850,563613,367632,connect,ended,11.0,,,0.0,11.0,late,0.0
19851,563650,385919,connect,ended,8.0,,,0.0,8.0,late,0.0
19863,564286,375892,connect,ended,56.0,,,0.0,56.0,late,0.0
19888,559920,305816,connect,ended,130.0,,,2.0,10.0,late,0.0
19892,573343,340014,connect,ended,1.0,,,0.0,1.0,late,0.0
19897,574639,382302,connect,ended,6.0,,,0.0,6.0,late,0.0
19913,553168,364276,connect,ended,4.0,,,0.0,4.0,late,0.0
19917,553344,312078,connect,ended,142.0,,,2.0,22.0,late,0.0
19919,553490,398942,connect,ended,13.0,,,0.0,13.0,late,0.0
19926,553975,337266,connect,ended,13.0,,,0.0,13.0,late,0.0
19973,556456,411754,connect,ended,97.0,,,1.0,37.0,late,0.0
19975,556533,241021,connect,ended,102.0,557598.0,150.0,1.0,42.0,late,0.0
20042,563473,348294,connect,ended,64.0,561643.0,0.0,1.0,4.0,late,0.0
20048,564111,369648,connect,ended,50.0,561113.0,420.0,0.0,50.0,late,0.0
20050,564185,248300,connect,ended,13.0,,,0.0,13.0,late,0.0
20062,564793,394656,connect,ended,54.0,,,0.0,54.0,late,0.0
20075,565984,385523,connect,ended,124.0,,,2.0,4.0,late,0.0
20098,567939,331339,connect,ended,43.0,,,0.0,43.0,late,0.0
20106,568295,362199,connect,ended,36.0,567376.0,60.0,0.0,36.0,late,0.0
20116,569069,306607,connect,ended,6.0,,,0.0,6.0,late,0.0
20119,569439,403240,connect,ended,28.0,,,0.0,28.0,late,0.0
20133,541969,194340,connect,ended,43.0,,,0.0,43.0,late,0.0
20159,572758,295830,connect,ended,2.0,,,0.0,2.0,late,0.0
20161,573530,404130,connect,ended,24.0,,,0.0,24.0,late,0.0
20173,556973,384396,connect,ended,225.0,553994.0,150.0,3.0,45.0,late,0.0
20179,557192,350502,connect,ended,56.0,,,0.0,56.0,late,0.0
20211,559467,290600,connect,ended,89.0,559379.0,630.0,1.0,29.0,late,0.0
20212,559504,339149,connect,ended,10.0,,,0.0,10.0,late,0.0
20223,560263,348485,connect,ended,13.0,,,0.0,13.0,late,0.0
20232,569873,358772,connect,ended,98.0,,,1.0,38.0,late,0.0
20248,571671,359880,connect,ended,110.0,,,1.0,50.0,late,0.0
20250,572030,357530,connect,ended,8.0,,,0.0,8.0,late,0.0
20253,573036,385629,connect,ended,16.0,,,0.0,16.0,late,0.0
20254,573294,365926,connect,ended,9.0,,,0.0,9.0,late,0.0
20257,573641,403265,connect,ended,7.0,,,0.0,7.0,late,0.0
20258,573755,335276,connect,ended,134.0,,,2.0,14.0,late,0.0
20260,574789,325328,connect,ended,40.0,562389.0,690.0,0.0,40.0,late,0.0
20262,574966,386259,connect,ended,223.0,,,3.0,43.0,late,0.0
20264,576132,305525,connect,ended,81.0,,,1.0,21.0,late,0.0
20268,566026,162571,connect,ended,84.0,,,1.0,24.0,late,0.0
20283,567264,410255,connect,ended,183.0,564975.0,0.0,3.0,3.0,late,0.0
20297,568503,189248,connect,ended,51.0,,,0.0,51.0,late,0.0
20314,570286,348999,connect,ended,28.0,,,0.0,28.0,late,0.0
20322,572382,362241,connect,ended,351.0,,,5.0,51.0,late,0.0
20334,575298,359045,connect,ended,132.0,,,2.0,12.0,late,0.0
20340,561277,406625,connect,ended,39.0,,,0.0,39.0,late,0.0
20354,562389,325328,connect,ended,16.0,561921.0,330.0,0.0,16.0,late,0.0
20370,563576,362604,connect,ended,31.0,,,0.0,31.0,late,0.0
20374,563781,356106,connect,ended,90.0,,,1.0,30.0,late,0.0
20392,564990,308181,connect,ended,133.0,,,2.0,13.0,late,0.0
20393,565095,374298,connect,ended,9.0,,,0.0,9.0,late,0.0
20422,567682,374360,connect,ended,172.0,,,2.0,52.0,late,0.0
20433,568121,222928,connect,ended,16.0,,,0.0,16.0,late,0.0
20441,568975,315136,connect,ended,58.0,566481.0,150.0,0.0,58.0,late,0.0
20443,569039,181625,connect,ended,1.0,,,0.0,1.0,late,0.0
20447,569907,406027,connect,ended,306.0,,,5.0,6.0,late,0.0
20457,571866,382821,connect,ended,62.0,,,1.0,2.0,late,0.0
20460,573086,385303,connect,ended,125.0,572075.0,660.0,2.0,5.0,late,0.0
20482,540899,402989,connect,ended,57.0,,,0.0,57.0,late,0.0
20499,541909,401870,connect,ended,169.0,,,2.0,49.0,late,0.0
20563,545620,391882,connect,ended,251.0,,,4.0,11.0,late,0.0
20571,546219,248889,connect,ended,52.0,,,0.0,52.0,late,0.0
20575,546440,410896,connect,ended,36.0,,,0.0,36.0,late,0.0
20581,546801,352921,connect,ended,151.0,,,2.0,31.0,late,0.0
20587,547168,403100,connect,ended,17.0,,,0.0,17.0,late,0.0
20588,547255,334190,connect,ended,49.0,547969.0,240.0,0.0,49.0,late,0.0
20592,547452,212965,connect,ended,215.0,,,3.0,35.0,late,0.0
20598,548004,296815,connect,ended,30.0,,,0.0,30.0,late,0.0
20604,548340,390702,connect,ended,72.0,532915.0,180.0,1.0,12.0,late,0.0
20609,548732,310636,connect,ended,72.0,,,1.0,12.0,late,0.0
20627,550206,409991,connect,ended,97.0,,,1.0,37.0,late,0.0
20644,551180,355444,connect,ended,90.0,,,1.0,30.0,late,0.0
20652,551956,342699,connect,ended,127.0,,,2.0,7.0,late,0.0
20675,545697,407419,connect,ended,90.0,,,1.0,30.0,late,0.0
20676,545720,367919,connect,ended,8.0,,,0.0,8.0,late,0.0
20689,546442,390509,connect,ended,3.0,,,0.0,3.0,late,0.0
20693,546681,364160,connect,ended,421.0,,,7.0,1.0,late,0.0
20695,546712,383462,connect,ended,77.0,,,1.0,17.0,late,0.0
20724,548818,265239,connect,ended,48.0,,,0.0,48.0,late,0.0
20727,548951,380647,connect,ended,6.0,,,0.0,6.0,late,0.0
20728,548958,362199,connect,ended,93.0,,,1.0,33.0,late,0.0
20740,549626,298516,connect,ended,115.0,,,1.0,55.0,late,0.0
20750,550270,399575,connect,ended,51.0,548971.0,690.0,0.0,51.0,late,0.0
20761,551066,280805,connect,ended,29.0,,,0.0,29.0,late,0.0
20762,551115,360460,connect,ended,31.0,550135.0,60.0,0.0,31.0,late,0.0
20784,552532,301389,connect,ended,7.0,,,0.0,7.0,late,0.0
20795,553339,378003,connect,ended,70.0,,,1.0,10.0,late,0.0
20802,553351,406124,connect,ended,90.0,557210.0,0.0,1.0,30.0,late,0.0
20803,553447,362187,connect,ended,487.0,548278.0,690.0,8.0,7.0,late,0.0
20840,556056,188944,connect,ended,25.0,,,0.0,25.0,late,0.0
20864,557784,350502,connect,ended,87.0,,,1.0,27.0,late,0.0
20875,558711,249274,connect,ended,10.0,542660.0,180.0,0.0,10.0,late,0.0
20877,558858,304775,connect,ended,18.0,,,0.0,18.0,late,0.0
20889,559173,366164,connect,ended,68.0,,,1.0,8.0,late,0.0
20918,561206,312603,connect,ended,10.0,554958.0,30.0,0.0,10.0,late,0.0
20927,553387,399172,connect,ended,57.0,,,0.0,57.0,late,0.0
20945,554340,369648,connect,ended,184.0,,,3.0,4.0,late,0.0
20960,555441,401870,connect,ended,7.0,,,0.0,7.0,late,0.0
20986,557765,349678,connect,ended,17.0,,,0.0,17.0,late,0.0
20991,557999,381499,connect,ended,23.0,,,0.0,23.0,late,0.0
21007,559579,391379,connect,ended,8.0,,,0.0,8.0,late,0.0
21014,559966,395204,connect,ended,19.0,555436.0,720.0,0.0,19.0,late,0.0
21021,560740,383344,connect,ended,17.0,534678.0,60.0,0.0,17.0,late,0.0
21031,561384,305819,connect,ended,174.0,,,2.0,54.0,late,0.0
21052,562529,398152,connect,ended,40.0,,,0.0,40.0,late,0.0
21054,562649,379751,connect,ended,72.0,565386.0,0.0,1.0,12.0,late,0.0
21055,562653,341037,connect,ended,158.0,,,2.0,38.0,late,0.0
21056,562691,385178,connect,ended,41.0,,,0.0,41.0,late,0.0
21081,563230,321400,connect,ended,19.0,,,0.0,19.0,late,0.0
21089,563831,347464,connect,ended,15.0,,,0.0,15.0,late,0.0
21124,562941,380480,connect,ended,55.0,,,0.0,55.0,late,0.0
21143,564290,396791,connect,ended,16.0,,,0.0,16.0,late,0.0
21170,566017,396034,connect,ended,46.0,569645.0,510.0,0.0,46.0,late,0.0
21175,566470,302462,connect,ended,74.0,,,1.0,14.0,late,0.0
21207,567809,191461,connect,ended,12.0,,,0.0,12.0,late,0.0
21214,568388,339138,connect,ended,1108.0,,,18.0,28.0,late,0.0
21221,568724,382821,connect,ended,7.0,560988.0,720.0,0.0,7.0,late,0.0
21222,568764,358082,connect,ended,29.0,,,0.0,29.0,late,0.0
21228,569688,344254,connect,ended,61.0,568778.0,690.0,1.0,1.0,late,0.0
21256,573913,356106,connect,ended,156.0,,,2.0,36.0,late,0.0
21263,575237,227119,connect,ended,24.0,,,0.0,24.0,late,0.0
21282,569249,320824,connect,ended,68.0,,,1.0,8.0,late,0.0
21309,575056,351549,connect,ended,35.0,,,0.0,35.0,late,0.0
